#tbounce=0
0.5300222463348536 8.800408046338468e+52 8.372432758761846e+52 1.602670771788806e+53 19.235464401081433 21.655614967700185 25.506010742274587 21.421789963048504 24.094819368627164 31.090205571814113
0.5301222463348538 8.743134074391192e+52 8.406426254782633e+52 1.5898742890075492e+53 19.219103894133813 21.704274300669297 25.564073133247305 21.41127418163703 24.155301767954786 31.122473945962717
0.5302222463348539 8.743759200525729e+52 8.464084880551831e+52 1.5857051532482098e+53 19.41135322448528 21.811323214103375 25.701257799663427 21.615030984169685 24.279267063021894 31.461790120853827
0.5303222463348536 8.868976912919906e+52 8.362412646146791e+52 1.62169103810296e+53 19.356721166630372 21.732441427583606 25.40794037792429 21.52655941997892 24.19036819991145 30.92364456715184
0.530422246334854 8.62656820712933e+52 8.303770302237738e+52 1.6093489520478667e+53 19.27372435363924 21.72195666140928 25.390756859732498 21.482512543661972 24.16047219632655 31.07447434043888
0.5305222463348537 8.666780809222516e+52 8.32474873218696e+52 1.5867069350191304e+53 19.35321045894658 21.791014776298184 25.86281127001363 21.562521275770898 24.247482673004185 31.571436358314777
0.5306222463348538 8.732717566289283e+52 8.257302461441619e+52 1.619858157329283e+53 19.352093494784143 21.747198523682695 25.49780927974341 21.532722799118503 24.216139823636386 31.104901093559707
0.5307222463348537 8.797576332214239e+52 8.36174995515605e+52 1.5789208490088558e+53 19.304627811040017 21.68650911830379 25.461014475435746 21.47054425832596 24.125770518315132 31.12344512622468
0.5308222463348539 8.827100382538296e+52 8.396535474905607e+52 1.588921535011612e+53 19.251031029762153 21.824592595496657 25.47260662095789 21.441196751035438 24.231131455652044 31.01633753491916
0.5309222463348537 8.653766642696551e+52 8.37545509750991e+52 1.6036984529156863e+53 19.32871387262861 21.71424605972545 25.215145383720476 21.521287999313277 24.138910503718183 30.808467763280287
0.5310222463348538 8.792052500760385e+52 8.509027391813571e+52 1.631541688478632e+53 19.3812945229573 21.732434607651307 25.477177685767792 21.569316133707677 24.14692046143913 31.11411902190777
0.5311222463348536 8.851083124885517e+52 8.321888752489549e+52 1.5953975373643083e+53 19.364762547563103 21.619799694442747 25.819846831940314 21.543786276828563 24.05285187241915 31.366278079576425
0.5312222463348539 8.727782887311485e+52 8.335273083030325e+52 1.6016210765524392e+53 19.382964799519435 21.754194783403978 25.502132831565387 21.575245475310883 24.191318861878045 31.14345881016004
0.5313222463348536 8.685447472823324e+52 8.335848309330292e+52 1.643012875279846e+53 19.311636414918127 21.78516065162974 25.525744297942033 21.503192694409595 24.228660445739884 31.013287128929257
0.5314222463348538 8.695199726269082e+52 8.356543102016671e+52 1.6292407292261915e+53 19.24449972786062 21.795978410764587 25.541938376227435 21.425029722133342 24.237931299365993 31.084204116232492
0.5315222463348537 8.757527057949945e+52 8.373022267577985e+52 1.6338951879692975e+53 19.319624597942855 21.720363148623054 25.56766770019427 21.51620934774908 24.16580932094597 31.173434403943205
0.5316222463348538 8.730437302346296e+52 8.282251750449269e+52 1.6232284897387289e+53 19.391982261293112 21.733903338171874 25.47213200844863 21.545648186834967 24.193065195744722 31.116305561777246
0.5317222463348534 8.864868388293745e+52 8.342144269124349e+52 1.632474245388726e+53 19.37721606175563 21.800721917301207 25.56216934155631 21.547058880238307 24.2693560831667 31.202904894253365
0.5318222463348539 8.704778505997274e+52 8.306010442309275e+52 1.6302746158595435e+53 19.37704293253037 21.646525450858846 25.517544385067303 21.565982388622565 24.091766144878573 31.089382964646926
0.5319222463348535 8.86894967831489e+52 8.365553358402382e+52 1.6125226993432999e+53 19.417727115695417 21.729281878680542 25.86386174494957 21.608180457056203 24.166138917575896 31.775882734257696
0.5320222463348536 8.643625478514445e+52 8.455845025149863e+52 1.5964715065128692e+53 19.356325580706272 21.753305645333604 25.581011807108126 21.563947064784642 24.199864905114296 31.258040859996534
0.5321222463348538 8.680894245920276e+52 8.360342727862572e+52 1.6272389393022789e+53 19.40617217170196 21.793972941061458 25.521518384820897 21.621883282289435 24.244875001788003 31.13608816518272
0.5322222463348537 8.687081347206412e+52 8.341906742638545e+52 1.6754133780682204e+53 19.413354915113963 21.756036079926908 25.594724756797785 21.619275812594903 24.197557036594226 31.144678723780498
0.5323222463348536 8.838064532641154e+52 8.385730627067011e+52 1.6700579822714035e+53 19.40977180401702 21.802638586122235 25.516079881253223 21.557179746430624 24.249613789851455 31.04593163812529
0.5324222463348538 8.720977109960543e+52 8.419529490602795e+52 1.6155632106346552e+53 19.312428549602544 21.825605911521453 25.84780549525561 21.504690361292255 24.24220367806204 31.509526965977734
0.5325222463348539 8.676530643341313e+52 8.392923824055117e+52 1.6334689485082518e+53 19.347292638821063 21.790733198940607 26.010281901469998 21.51206436773258 24.230018165527383 31.673160511188783
0.5326222463348538 8.861009927126517e+52 8.345325042750536e+52 1.6471438647118748e+53 19.408732926936302 21.879331996406457 25.669196367537683 21.591320953866134 24.339951981060903 31.43949851237904
0.532722246334854 8.773633222031319e+52 8.320442181599451e+52 1.65800123066675e+53 19.385273864651225 21.684046818016665 25.769839566668164 21.577624714880812 24.124781926665293 31.426832341359574
0.5328222463348536 8.702080360946144e+52 8.307100648964147e+52 1.6664826458328136e+53 19.364696212205125 21.75206408178653 25.73011181058214 21.553682242036462 24.214243104742163 31.379488733380562
0.532922246334854 8.737879082570164e+52 8.385599137461602e+52 1.653457942777874e+53 19.372375637165273 21.71739796985741 25.841205841140074 21.527694509368747 24.141637553260296 31.54874708799816
0.5330222463348536 8.824602915539186e+52 8.301044575631383e+52 1.6404069304078604e+53 19.440564527942083 21.705898447126042 25.671054688829198 21.610724766074338 24.157447184656142 31.36819011227145
0.5331222463348538 8.721845874640477e+52 8.291967781941362e+52 1.6376750621048823e+53 19.390583596062164 21.73670321692921 25.68405365801459 21.578630729462432 24.181125602985162 31.401904446394408
0.5332222463348537 8.766507850748545e+52 8.357155231112711e+52 1.6252609347440347e+53 19.43778718205205 21.795593200218452 25.698942118261673 21.6067445873415 24.238077562929206 31.331694648379433
0.5333222463348538 8.819799163415424e+52 8.320245242893052e+52 1.6733702281115276e+53 19.428128105707604 21.754790400071894 25.7537697697962 21.609096386644016 24.207711954759535 31.393678956059112
0.5334222463348536 8.70957587043066e+52 8.383298822156816e+52 1.6457165655213148e+53 19.35958600164578 21.706515713719753 25.963478541089938 21.516361259748425 24.15798454355846 31.71803086394595
0.5335222463348539 8.682259834930194e+52 8.368823297048883e+52 1.6790214539358536e+53 19.360624041909855 21.78182332330522 25.96026536565154 21.55643604723398 24.202453849544714 31.66092661425287
0.5336222463348536 8.60272471664157e+52 8.328029669252104e+52 1.641321903219851e+53 19.307311703985427 21.840346553962167 25.692817661125595 21.485852431302426 24.323634828574253 31.39152884696494
0.5337222463348537 8.603959960841827e+52 8.257167332080237e+52 1.6590510641753727e+53 19.383575531863052 21.71109012895048 25.66570049349993 21.556167780403936 24.156746501752057 31.356993228499594
0.5338222463348539 8.705866189958385e+52 8.374244567357756e+52 1.6539721006566639e+53 19.38991909234216 21.792244101444954 26.01400584456093 21.593525764218626 24.247755830853997 31.64525935524729
0.5339222463348537 8.761924911382857e+52 8.279783044314301e+52 1.6501206478341745e+53 19.321958637881778 21.78830192666389 25.797437974720847 21.51625512061937 24.23713062401864 31.529356895235498
0.5340222463348536 8.623903269524159e+52 8.295951694598032e+52 1.6389569168234256e+53 19.4604667023492 21.7242772960231 25.71874756982459 21.6441639937654 24.1589814828871 31.456909838134077
0.5341222463348538 8.728818333855696e+52 8.398338600003577e+52 1.6454221899013495e+53 19.43619380816322 21.804451802751984 25.940558408372663 21.62374488911673 24.227143683439937 31.501030667885605
0.5342222463348539 8.795202026169242e+52 8.397683220126207e+52 1.6721205667911965e+53 19.37763737087297 21.74926463756058 25.78311020135208 21.560523744382614 24.189058402556235 31.424486110017728
0.5343222463348536 8.677491857611466e+52 8.200377809124612e+52 1.7222004326994152e+53 19.329561468358264 21.733134911764925 25.772639016939284 21.516428229489044 24.205688092751355 31.443854667584205
0.534422246334854 8.637963969584332e+52 8.291252268139532e+52 1.6747072285080591e+53 19.417087601054625 21.786862712263577 26.22354656212185 21.594973420718283 24.222429511635035 31.91249665676018
0.5345222463348537 8.686364271858928e+52 8.290659614246056e+52 1.6606055682231333e+53 19.335252325099432 21.758649946333414 25.99910938348071 21.514781072565764 24.230553994681074 31.688153135978737
0.5346222463348538 8.571974711376627e+52 8.234868222955593e+52 1.6841825110175504e+53 19.30965116815826 21.717030570122457 26.036089797464097 21.486068456287303 24.165868068798556 31.7370854217459
0.5347222463348537 8.720106217639095e+52 8.247119532389212e+52 1.6738006936530145e+53 19.40471194094304 21.815730486076788 26.171104182453163 21.57243292860537 24.269924847441594 31.879356982986113
0.5348222463348539 8.654504591548898e+52 8.368795068257299e+52 1.6554313724345653e+53 19.420770293662812 21.674394276397322 25.855462902967687 21.59622933990379 24.10488814961671 31.69601326885667
0.5349222463348537 8.582088821739221e+52 8.303391192841584e+52 1.688122642913744e+53 19.359758964682335 21.74744336303053 25.990027091785816 21.53813042692619 24.192000222611913 31.722630530968598
0.5350222463348538 8.64662391703226e+52 8.326177700734336e+52 1.6907537940103143e+53 19.409140351739254 21.762327404239 25.926987651161863 21.613824254550405 24.187790109679387 31.554248655003608
0.5351222463348536 8.562437294315581e+52 8.336357540175036e+52 1.6541617036475573e+53 19.453435884760452 21.79250205430478 26.108375509591927 21.644081894701646 24.247059752931964 31.874494263532558
0.5352222463348539 8.647070387376311e+52 8.406844212146955e+52 1.7078966454153845e+53 19.45474059010566 21.81131646797725 25.805460653937267 21.641540449915947 24.257312663776776 31.605399932519326
0.5353222463348536 8.436089532998535e+52 8.185875695566369e+52 1.7815401811119937e+53 19.399783897047776 21.676859480319845 26.03488937821779 21.582400923675127 24.131933959335758 31.563429879973775
0.5354222463348538 8.411928121544702e+52 8.233623046392568e+52 1.7301383278847636e+53 19.36959559803076 21.668255936430754 26.4131432687226 21.57083659411454 24.10179025762138 31.990123319732493
0.5355222463348537 8.459302569431186e+52 8.172070201858294e+52 1.7544830841478664e+53 19.361320022946938 21.581570784112074 26.333202893269 21.52957772652053 24.031904516852556 32.05908496901663
0.5356222463348538 8.48815034867079e+52 8.252800565157605e+52 1.6986556475134467e+53 19.42425820601666 21.82746410549815 26.405104715988706 21.60569145855787 24.254827111927817 32.14994081002271
0.5357222463348534 8.37667084026851e+52 8.254382658753145e+52 1.7277179136437988e+53 19.383065470506953 21.792004426013005 26.3555522891962 21.58101685932642 24.24204420655331 32.05906006878901
0.5358222463348539 8.420026781603385e+52 8.223664685391507e+52 1.7043130027417937e+53 19.354943994789686 21.637489371504884 26.26446263982623 21.524469926510893 24.05287654843215 32.101518818052064
0.5359222463348535 8.467873524435372e+52 8.103090566161642e+52 1.6999061007647012e+53 19.35445828925948 21.683041072138394 26.264594944550304 21.53650444566657 24.14678168989732 32.233177153756294
0.5360222463348536 8.516582703125846e+52 8.120705856733066e+52 1.7443733537533188e+53 19.428906125708558 21.729870783536192 26.257382816975205 21.596770718897506 24.164753584979213 32.05486223992913
0.5361222463348541 8.312670167565784e+52 8.228773031050766e+52 1.69113150149497e+53 19.234270130159377 21.67701919564106 26.738384776401865 21.42328998551572 24.11846166067443 32.61523495889758
0.5362222463348537 8.377791449987237e+52 8.255314599473598e+52 1.6968313735086477e+53 19.320335178730186 21.808969610257492 26.27784449385284 21.495711819987818 24.221930205141835 32.039004060296676
0.5363222463348538 8.48829548714073e+52 7.987181679873948e+52 1.7334596214293453e+53 19.38433135019681 21.815163471896376 26.340899776173966 21.519766240661045 24.287927153603107 31.987155895423594
0.5364222463348538 8.247468153088225e+52 8.101772766046989e+52 1.7792816501004777e+53 19.381875097324617 21.67498244823743 26.235796750883683 21.55518790039424 24.11280891667338 32.01375342007401
0.5365222463348539 8.183039342491358e+52 7.934568695164687e+52 1.7784271270713586e+53 19.247533303652755 21.626764129568716 26.20507200102323 21.37792444453622 24.09830342687733 31.998683942779696
0.5366222463348538 7.995543626217867e+52 7.842516904213191e+52 1.7816551759425372e+53 19.3137696646054 21.57459475990428 26.374482950878686 21.501714098430988 24.04632214711543 32.14316750375681
0.5367222463348539 7.885652985543772e+52 7.704577249606092e+52 1.7894868735852886e+53 19.27737217062683 21.42930485470864 26.736330435313352 21.419527485616364 23.909890831619194 32.58227766377869
0.5368222463348536 7.467903830656686e+52 7.602228073800319e+52 1.7544391988770425e+53 19.11338531050842 21.440652267981818 26.38637835960771 21.259763409217058 23.865829779804283 32.2209032594172
0.536922246334854 6.940739275700314e+52 7.07669186733659e+52 1.7156996738936096e+53 18.88118437577759 21.084886962155103 26.221467609001877 21.011674664067197 23.52990003159745 31.92970829637314
0.5370222463348536 6.061077858889515e+52 6.229497327862943e+52 1.5767745554890787e+53 18.61489082747325 20.607211254766142 26.389889070168927 20.826403786355968 23.048995827847854 32.28725526901758
0.5371222463348538 4.237617862906515e+52 4.502941703124457e+52 1.2859029163421224e+53 18.25090140786535 20.119862343109823 26.222001884302568 20.55651896625842 22.748169844129624 32.507164952421064
0.5372222463348537 1.6234646129674975e+52 1.8416765946487925e+52 7.5435586808077e+52 19.731642988298955 22.095544422013557 30.916400286151962 22.712505156790325 25.298452735606126 38.009891309036504
0.5373222463348538 7.069573759391493e+51 8.54883814194152e+51 4.355323824772824e+52 24.96059206751141 27.64560907357976 40.6691804893981 28.136905859043267 31.240245950434087 48.666241160168425
0.5374222463348535 5.190975447233403e+51 5.84064547720972e+51 2.971907333172914e+52 29.340454347867368 31.750050672027886 46.49946372708777 32.31141190881922 35.06865402656209 54.67598335661461
0.5375222463348539 3.728423557666715e+51 4.654564773833769e+51 2.0833231633497585e+52 30.79129876233529 33.14726720166361 49.5174214656792 33.63164777099351 36.172067361009915 58.929162586672405
0.5376222463348536 3.400180360527678e+51 4.0245354883993984e+51 1.6698929235705956e+52 29.911793184791918 34.657717682845224 50.753645177315875 32.653681514894714 37.59650418262589 60.466855028517394
0.5377222463348537 3.268794174734064e+51 3.519586609577987e+51 1.4327564608336376e+52 30.603204519538014 34.20601713268554 51.77851838928543 33.116694173762056 37.40951324766147 61.11950930736174
0.5378222463348536 2.7012354715538367e+51 3.105996792781154e+51 1.1995825694743166e+52 30.335485785065963 33.31788123539367 50.94666436955442 32.92621703459848 36.32764669855514 60.667088678760486
0.5379222463348537 2.5432220022704022e+51 2.714905423492427e+51 1.1231073511490808e+52 30.76914054500458 33.2802330861227 51.94844724740795 33.55022414061324 36.43156504798531 61.06595805819778
0.5380222463348536 2.194643998765769e+51 2.540397591563118e+51 1.0350749654126093e+52 30.102854632797126 32.85350041254169 49.49182208334507 32.664022722483395 35.7761291416424 60.004892847083184
0.5381222463348538 2.227268386499149e+51 2.8114588595918584e+51 8.909191895357115e+51 29.545299108755287 32.030122670825556 52.2585347984832 32.21733974153231 34.50679948901129 61.5260463870804
0.5382222463348537 1.9258694735955876e+51 2.2471195273628474e+51 7.940725851310211e+51 30.20883449433787 32.96120713950135 46.59039000175075 32.80971943478048 35.80132066271352 54.41013498551669
0.5383222463348536 1.6312375816025e+51 2.2629952143299335e+51 6.99247773439732e+51 29.591457243861907 30.765841408069686 46.41603247137168 31.75529762904619 33.402714787042875 55.88776563878574
0.538422246334854 1.6880352652056997e+51 1.7778921644590613e+51 6.499606683172963e+51 29.181385472955505 34.51922713773927 49.06346390614967 31.67507006327662 37.31565421045232 57.756969465151755
0.5385222463348537 1.6211792975407165e+51 1.672040038165736e+51 6.581628146996069e+51 29.73142868226451 31.688367115776625 45.14870593844562 32.64852631112093 34.59841727502977 52.54536735671292
0.5386222463348538 1.4353644285338994e+51 1.6950566226802196e+51 5.455479348009666e+51 29.445662232681563 31.54476452313306 45.106930378032246 32.1900234959852 34.19267151820555 53.293466432015784
0.5387222463348537 1.3252623832595564e+51 1.6900463535090244e+51 5.6654532472701384e+51 30.475859379925062 33.28868645777715 47.0700063426026 32.80885095134754 35.94959699340834 54.25431439087335
0.5388222463348539 1.3541498086906978e+51 1.6534484225999953e+51 5.2614615699686087e+51 29.733539957277507 32.648222008771555 44.74708270370768 32.10053837352667 35.20159182123268 51.84203609346217
0.5389222463348537 1.3128640613409573e+51 1.4501163758076347e+51 5.202803141237694e+51 28.473673659481907 31.388786462573687 43.72777446967236 31.23093828722936 34.34556502572042 50.39052397583883
0.5390222463348538 1.2700259572974542e+51 1.4153808157713129e+51 4.1288726347252746e+51 26.24766043711747 31.97215538968828 45.66048352747736 28.70261020849348 34.62148122749047 52.036617255400905
0.5391222463348536 1.1569872342221659e+51 1.357644777304329e+51 4.4374940456631835e+51 30.32541031446497 31.87546456794839 43.508924336662304 32.600032249098184 34.540702602332146 51.14407239717435
0.5392222463348539 1.107225295055057e+51 1.1635879939090684e+51 4.623922184950044e+51 28.47715580768486 32.05174229670355 43.7253595000649 31.036756314119085 34.815838557666574 49.19499978589471
0.5393222463348536 1.2106900576540254e+51 1.1581249939707504e+51 3.890746587876665e+51 30.07629345827607 30.469028843899842 43.320294122716405 31.906435878101306 33.22136294083352 49.9558092035583
0.5394222463348538 9.681728207795561e+50 1.1274744449589071e+51 3.785862119492315e+51 29.044894889382025 32.445762541982695 44.39597299401303 31.332444751691007 34.962833627404386 49.92501799483473
0.5395222463348537 9.598377458503807e+50 1.3223431855876982e+51 3.415706004260834e+51 28.919096798006105 32.21958961594942 44.14980595102979 31.649580841111565 34.49762021425508 50.72936062378584
0.5396222463348538 9.024911151173421e+50 1.0168624971225527e+51 3.672756690386186e+51 29.763631041700652 31.435317025463974 45.48522095767164 32.0931762761897 34.42866042949032 51.125461598169096
0.5397222463348534 1.0640832395856796e+51 1.0473734858988754e+51 3.2135750649678874e+51 27.330900637926753 31.87998032343416 43.89876426836658 29.82687778846261 34.811353578025994 49.07046902408938
0.5398222463348539 8.980787106100915e+50 9.725939000732486e+50 3.2578640138850086e+51 29.443619443755072 32.804984007732116 41.9689581918136 31.69076925047721 35.903546402485915 48.41642904379549
0.5399222463348538 8.669780303688276e+50 9.297668887139163e+50 3.262159398592385e+51 28.921336388006537 32.147101630498355 44.2819767446789 31.31665172883253 34.515037172369716 49.93723489501896
0.5400222463348536 7.695375500726196e+50 9.007603519257039e+50 3.085103089779733e+51 28.334363399056027 31.865644852549327 43.29155490938376 30.784226612834544 34.69806818727114 49.207121053086986
0.5401222463348538 7.3398416516437965e+50 8.477253988030804e+50 2.835982367659777e+51 29.593236094611257 32.24375990416617 43.81518321506867 32.22545226599582 34.79530872542575 49.49239281503918
0.5402222463348537 8.09095114584807e+50 8.796338170409818e+50 2.8206273024351908e+51 28.54297707129315 30.174392794099656 44.29601173806736 30.656109523007302 33.175112385292415 49.89039153848497
0.5403222463348538 6.787419487881947e+50 7.999273384258733e+50 2.658243803942629e+51 28.58660194491355 31.88399362293014 42.597675428017325 31.090934353430264 34.50358135019451 47.57917192366622
0.5404222463348538 7.392263309600831e+50 9.398561298924897e+50 2.628862681750309e+51 28.780025273422087 31.6312387879098 44.06694471930065 30.984185185022934 34.219901642593655 50.338765509556396
0.5405222463348539 6.818755140023611e+50 8.865660284369679e+50 2.3977991381880776e+51 29.563702941708584 31.569440164146865 42.823511672068534 31.601878450842456 34.68314167752885 48.52451506317732
0.5406222463348538 6.962387832123382e+50 7.808125807719471e+50 2.5971824477374816e+51 28.506794897605758 30.61238284449997 42.61279508883087 30.291130059987587 33.4303200789811 48.565540406271495
0.5407222463348539 7.349710302320588e+50 8.513621321829633e+50 2.2235985565805102e+51 28.02973589587773 30.805087646729543 41.96273034877122 29.878530074172833 33.57777947353483 47.26373915438937
0.5408222463348537 6.16176940824335e+50 7.259304525694334e+50 2.3843928143583197e+51 29.03552696780308 32.003135658773914 44.69767324011707 31.259612976899078 34.4239454749825 50.94114368868248
0.540922246334854 6.291502251517815e+50 8.090958255808204e+50 2.2897968395229567e+51 30.418645845521187 30.005312408109283 43.49014138207316 32.79074822066479 32.379102870299 48.64334054490443
0.5410222463348536 6.132912402868722e+50 7.494595455029222e+50 2.0522128876704056e+51 28.115197919529958 30.942741814198207 44.61686761015915 30.1634585314869 33.570804632765004 49.739280769310604
0.5411222463348538 6.069262596945297e+50 6.731440370703227e+50 2.171774286358903e+51 31.31210786615164 31.599465700898516 42.71039442620211 33.90681075533742 34.00839171946471 47.03520513337066
0.5412222463348537 5.285114829679476e+50 6.6584649498850476e+50 1.9457687955440755e+51 30.30417780701134 31.715191965447197 42.37500879487928 32.270060718637566 34.12821473647448 47.09146249311093
0.5413222463348538 5.471594386134454e+50 6.222827646552639e+50 2.0199706687548143e+51 29.58952067622817 30.580341401170966 43.58916319683484 31.918191514696755 32.864312938840726 48.323943840468175
0.5414222463348535 7.1411001666691234e+50 6.292256008228921e+50 2.3999562116860982e+51 26.417259113149168 31.934165684703547 42.5634561849514 28.579554098160514 34.14808083804912 47.19702234946513
0.5415222463348539 5.444148723147086e+50 5.121945446213586e+50 2.108398464129629e+51 26.668751466799886 32.57202276582465 41.88745698257842 29.050176021704615 35.122187262064266 47.35616419456477
0.5416222463348536 6.011726379520447e+50 6.577558267792738e+50 1.727054138682561e+51 27.013975262457542 32.25978352074484 47.44321981888689 28.82504419108937 34.55217895629198 53.133309170344575
0.5417222463348537 5.600261844291844e+50 5.363667632543714e+50 1.8335315039307168e+51 27.014533153292174 31.95229924316711 44.26593036784914 29.437854552419736 34.34021589806362 49.68676511996518
0.5418222463348537 5.359604307310389e+50 5.554506485917765e+50 1.626129517065991e+51 27.303609821431515 31.032667825761962 43.74487834828583 29.65548471780429 33.4757034864142 48.30307073092987
0.5419222463348538 4.3870387682807456e+50 4.6879201685991746e+50 1.581231022746262e+51 26.487463124441042 30.496879086439414 44.61940058481534 28.848290585249593 33.42362517272244 49.00143957395028
0.5420222463348534 4.69973496392207e+50 5.50063718364979e+50 1.6877614649481007e+51 27.53907163642871 28.92703837805936 43.76555259424719 29.796409513590746 31.845859517462443 48.29056580588098
0.5421222463348538 4.961852461887032e+50 5.406259981138613e+50 1.7188025572943598e+51 26.411539859532688 30.833864702260804 42.136029263480914 28.750144941495112 33.52537719211151 47.521655860945394
0.5422222463348537 4.62004281343098e+50 5.1262142544687595e+50 1.9266426434239452e+51 27.90190521587877 32.23934011022296 38.94081666644049 30.035651517500202 34.62073296366253 45.98774709066117
0.5423222463348536 4.50521829612129e+50 5.331847814478499e+50 1.533060870996861e+51 27.082817465948427 31.582537390568216 42.87536814918595 29.34406307914032 34.48320802410895 47.4438131170378
0.542422246334854 4.781249401226916e+50 5.208912225041621e+50 1.6930452465258795e+51 26.595464521952334 32.43887033781697 43.2430901825007 28.70621612779215 35.084161363916365 48.072888341638844
0.5425222463348537 4.68454097547253e+50 5.4337622533362236e+50 1.4123518110491748e+51 27.71755759153161 29.16732152321312 44.71807139288246 29.54789198411889 31.476952587550283 49.860092621133035
0.542622246334854 3.584324616239378e+50 4.713685272226516e+50 1.5456757405691337e+51 26.735809935794553 30.91229329773953 40.35965422680132 29.237778159071443 33.34210806351148 45.24381736869064
0.5427222463348537 3.79662160776618e+50 4.804249575448835e+50 1.500690976098767e+51 27.76593024963632 29.406453936467 45.82691052191786 30.378780114548825 32.05628614282561 50.21089456415837
0.5428222463348539 4.461263861936798e+50 4.672017869870257e+50 1.3850343553971789e+51 28.297216904424833 31.624305177574445 43.91533110189115 30.486753874644883 34.3044734889353 48.439828975262046
0.5429222463348538 3.4930831705409647e+50 4.632701427771653e+50 1.3192844823376925e+51 28.965649563458 31.0952017293005 41.73373103861208 31.169645758555802 33.42352635310224 47.89078118415311
0.5430222463348539 3.745317251820919e+50 4.33745542185926e+50 1.2174060176963199e+51 26.857673488651898 29.85433068787943 41.899246043435724 29.11085494684455 32.78719831818259 46.76203842576103
0.5431222463348536 3.8896888587962605e+50 4.079741710933608e+50 1.437993239834805e+51 28.16040794426676 30.88588074877337 45.638697159147696 30.530059429203423 33.300058349040384 49.41193077267417
0.5432222463348539 3.4430454221952334e+50 4.387911519492008e+50 1.1891895552380477e+51 26.86076006179451 31.030573698266767 39.87423454573691 29.491628718268995 33.397861777267984 45.49984980425587
0.5433222463348536 3.69748477448442e+50 5.370014026397006e+50 1.3822563725115697e+51 28.397065092499584 31.97068378929367 41.85177481536552 30.53225099092882 34.508286112528495 46.53529053631011
0.5434222463348537 3.696718852261424e+50 6.3056737466197004e+50 1.4156157332130391e+51 26.613443271752125 33.22174820318286 45.20837337438819 29.160945615932377 36.05424143356039 50.28046025269409
0.5435222463348537 3.867071301540512e+50 4.77527606154031e+50 1.2446226420036506e+51 28.93343160455991 31.49268409246989 45.57060805406229 31.107593315598773 33.91393673559105 51.00715288891173
0.5436222463348538 3.917035760104089e+50 4.753231099717197e+50 1.260970722959583e+51 27.196131204886832 30.191884457455078 42.745687695067275 29.18836605006836 32.42789896031894 47.586420873671095
0.5437222463348534 4.0131539940444736e+50 4.395582204059003e+50 9.57884703585568e+50 25.50913762848402 30.543424057475733 42.65040600041402 27.308313728066587 33.53021822942323 46.51853563290643
0.5438222463348539 3.1269116823675608e+50 3.516371410757275e+50 1.0295210129424737e+51 27.086535036570087 30.43875569467843 41.01166941263257 30.025288506060136 33.00558787557199 46.55402216127103
0.5439222463348538 3.0330519814966885e+50 3.386335193235021e+50 1.6227301586888127e+51 27.714909440697188 30.25508514316083 43.45291851497198 29.552888733373294 32.83177177186196 47.177969129875926
0.5440222463348536 3.521094927274806e+50 4.268214815543049e+50 1.102601663171348e+51 27.506477229155006 31.44383923648474 46.301917764792876 29.881877855705596 33.779385497326786 50.394644076201516
0.5441222463348538 3.714145547182154e+50 3.316069026752595e+50 1.2597191039675625e+51 26.349437041644485 29.989184574978893 42.24608436971593 28.05077168943354 32.685996069033536 47.87098220796454
0.5442222463348537 2.9586585544502587e+50 3.466700672216296e+50 1.0878371912138035e+51 28.933176522636625 31.10255621813547 45.543029423313186 31.55212303638557 33.10480222100054 50.282259565721475
0.5443222463348538 3.2663795847555356e+50 3.6840093359901583e+50 1.1844556672724864e+51 27.586575541909248 30.604518311717108 36.96572965138999 29.756032587734133 33.00414773866381 42.17000199865469
0.5444222463348537 2.6371672746133872e+50 3.758827265895151e+50 1.0302945301023417e+51 28.989707113452024 30.639487474696686 40.931014669527045 31.351460104855594 33.03596620546438 46.606778186370946
0.5445222463348539 3.963997232704593e+50 3.7075068072748235e+50 9.901199492083501e+50 24.774204281419994 33.71033156186223 37.843549148833695 26.811921967498005 35.74198277175629 44.50413482493638
0.5446222463348538 2.854175173251261e+50 2.83822867575555e+50 1.1226131063976119e+51 28.617573666342526 30.170682241579733 43.85893098176378 30.227408558686296 32.76116320782881 49.05284334752528
0.5447222463348539 3.622757511686897e+50 3.288352090471601e+50 8.710633321049462e+50 25.89688152563175 30.285307580022117 41.78288055009333 27.835078031615303 32.883053662079526 47.29940797402074
0.5448222463348537 2.6483450274618227e+50 3.168178868985316e+50 1.167826018361372e+51 27.526301465992862 28.7391553628336 40.836744628362105 30.356121660781742 31.395355707376666 45.721423214589066
0.544922246334854 3.868617829409991e+50 3.2833691074411937e+50 8.535318127341856e+50 26.029954510387686 31.215157090139748 45.53928641926932 28.179212452912626 33.508760574977245 50.27978353013184
0.5450222463348536 3.111458187176358e+50 2.996859764030534e+50 9.588141786067624e+50 26.684445817735234 32.3061652639336 45.62794269305361 28.632142124347805 34.657829663384945 53.77898342503678
0.5451222463348538 2.544865800462831e+50 2.599577019478746e+50 1.0342971130183842e+51 27.22288558596742 31.62345183120305 39.80880510941322 29.386250343023686 33.79905940991339 44.603839702594726
0.5452222463348537 3.810965467036896e+50 2.713100090109386e+50 9.218630178249429e+50 32.78025627719487 29.94218468850478 46.03400232749979 35.041727566592854 32.46148895270302 51.701142995228345
0.5453222463348538 2.9757480845986305e+50 2.6736582441006307e+50 7.824752746644543e+50 27.99647603124433 32.71702101002373 46.562545044048626 30.21579021300731 35.09044343266195 51.27384716323246
0.5454222463348535 4.015979591055162e+50 3.795688073768182e+50 8.481314856555416e+50 25.187368273084545 31.440843175921643 46.936568879930995 26.686703538033388 33.782403958651884 51.86750075646778
0.5455222463348539 2.15071668275952e+50 2.67638067602224e+50 9.182251854048243e+50 26.4652111573471 29.801073728685253 38.55086477018756 28.894362936283933 31.814498290624137 44.18600002398354
0.5456222463348536 2.8561510203258878e+50 3.396846925641345e+50 8.04426942852242e+50 26.404495716689215 33.853579682464854 41.534014619302724 28.924432136070187 36.09160612684184 46.99672877777476
0.5457222463348537 2.327839883214442e+50 2.596341439736063e+50 8.905549954480038e+50 28.183337454920856 32.28733030180327 45.141045744428 31.096727673838487 34.68003053894043 49.36042909055884
0.5458222463348537 2.640539973017658e+50 2.6469023025043838e+50 7.068270702120624e+50 29.41654357933928 32.68647488990745 39.555904800365184 31.154200529605134 34.97553607714043 45.027591676160554
0.5459222463348538 2.5712287976640795e+50 2.722367508135147e+50 6.676145672393476e+50 27.41355646778987 30.160209510179843 44.54739291885552 29.402072394196736 33.005722972195784 50.139186262541536
0.5460222463348536 2.054637361737215e+50 2.3095337217464633e+50 7.929261447064125e+50 27.54321881350721 30.369756777351558 39.99998124606538 29.619992095362218 33.233533763760235 44.648255515677164
0.5461222463348538 2.300761262099268e+50 3.059994055541974e+50 6.617448542288356e+50 30.248211771033226 33.531914229646794 40.09197095427291 32.32102853513502 35.698190840216704 45.52688711401483
0.546222246334854 2.4205399411348164e+50 2.375597744795812e+50 6.790016028693399e+50 26.921667184297196 32.71941772152039 43.76661048565176 29.034314700203804 35.2450979037315 48.354325555393174
0.5463222463348536 2.080747802965111e+50 2.5812954550471098e+50 7.0435679368446284e+50 29.411870279939837 32.38763272097173 45.121630781148724 31.390283809058158 35.000322056039934 49.83085420260288
0.546422246334854 2.227071847484982e+50 2.2412476321756545e+50 7.173185818155327e+50 29.84773489203402 28.93956605583061 46.69675246910365 32.29476639870963 31.916676912821988 52.22619685367605
0.5465222463348537 2.3274319399043344e+50 2.6686249567595964e+50 9.907304152314774e+50 30.216769968106135 30.795993092439286 42.46250741880207 32.64539136713244 33.07643456673256 46.91996646933182
0.546622246334854 2.076415823028278e+50 2.6579872709884426e+50 7.108827201396447e+50 28.13597601723452 29.027162042385893 44.99805004840897 30.361163044821264 31.70353375813699 49.54150913999902
0.5467222463348537 2.2884032762417503e+50 2.7055485939010173e+50 7.064039121845501e+50 26.755137168190114 33.00538547140065 39.60230882194388 28.988382788743834 35.16064286193181 45.17132412292601
0.5468222463348539 2.1717833203282017e+50 2.3890001896653503e+50 6.642722040024156e+50 28.290636196072914 30.428156053225166 34.555780020192515 30.119227541728705 32.71716854024981 41.108639234621144
0.5469222463348538 2.0201326478954203e+50 2.154247960735488e+50 6.654820413996908e+50 29.7436307492348 29.643202667848843 39.90010201643014 32.813695052699146 31.901812292276485 45.83377015000113
0.5470222463348539 2.5344930237303385e+50 2.567659710237217e+50 5.744687212815179e+50 25.60461226019082 32.262317398359826 44.04540677797246 27.473459408933024 34.63693096597502 48.32573819348676
0.5471222463348536 2.62099021197547e+50 2.4947894812968765e+50 6.994164345593601e+50 25.684889077746444 32.28976997686987 36.81427708158577 27.575987202595233 34.83023539113642 42.310870574602376
0.547222246334854 1.6175824789973113e+50 2.090307070123587e+50 8.03121765018641e+50 30.363858902721837 28.98532142846041 44.58226951334797 32.798501929892076 31.47474763013609 48.471351407558224
0.5473222463348536 2.1908824311335597e+50 3.0766347984540243e+50 7.159286979724608e+50 28.04721778184663 30.22300351637301 44.116192607581446 30.662454598133415 32.53491356395373 49.11983783218468
0.5474222463348537 1.3742046131069365e+50 2.3346694992758787e+50 6.643126479165191e+50 27.615492752721092 28.32692994559033 39.88834033089679 29.782338016353318 31.226164367313093 45.16525367750632
0.5475222463348537 1.8557874584127684e+50 2.1172457642681866e+50 7.207472334859585e+50 29.386693652853005 33.20321063029728 43.48202031176359 30.9697604960091 35.07942680667099 48.203237514851665
0.5476222463348538 1.5626438375874722e+50 2.597551705729493e+50 5.858845417881122e+50 25.583997124979046 29.330213181138785 38.59567646036891 28.168220294927075 31.494272551279142 47.12307001855189
0.5477222463348534 2.1499408008988544e+50 1.7594470560256166e+50 6.644430416382817e+50 26.782247035137825 33.222921653799865 39.03048384643591 28.615663634725134 36.208283102468044 43.31482173776582
0.5478222463348539 1.535866588129905e+50 1.9191320354308095e+50 6.9330506326697436e+50 30.587592744594925 30.16602004340462 44.615954920502446 33.10720835226069 32.54017396917557 49.41828840710772
0.5479222463348535 9.718259765785616e+49 1.93298187634683e+50 5.614771490168139e+50 27.931765633131498 30.323287171734766 47.22321445203411 31.350593918729743 33.34014094109441 51.366278413857955
0.5480222463348536 1.7391647610348611e+50 1.929108834046463e+50 7.111592126178952e+50 28.719726350087473 31.068901250093575 43.28311854652461 30.733904004645105 33.246697596813775 46.811141361011735
0.5481222463348538 2.0742446360112403e+50 1.6508896038755206e+50 5.7045139119285156e+50 25.67230339654216 30.282572654523733 43.72873838878059 27.881676637547162 33.0013018045789 50.038751304573076
0.5482222463348537 1.6791658707725533e+50 2.1041891419218194e+50 4.531678067015833e+50 28.668971116045277 31.97177087178854 42.59043026751823 30.76278415437047 34.17617558686498 47.988604963633534
0.5483222463348538 1.3761885298326966e+50 1.3125474523551269e+50 6.740084073178868e+50 26.135283643367607 29.20483675062552 41.91398460396433 29.392188698643647 31.780582123495304 49.65596453324764
0.5484222463348537 1.5693208034066306e+50 2.0891701781003714e+50 4.9659236002604524e+50 25.291906662827977 30.513668622957013 40.86076728443315 26.904565449543746 33.023838256428355 45.890353866070804
0.5485222463348539 1.8425283477794103e+50 1.8437831419462326e+50 4.537246098111642e+50 23.176986380567765 28.748591769350913 37.192292232487105 25.729675948873556 31.874546288358008 42.770979386056204
0.5486222463348538 1.8697575435630508e+50 1.8978455701403052e+50 4.813321153528875e+50 28.790931625377226 30.935801554837703 45.07289000498406 30.223272414394426 32.5461414350928 50.121275665650906
0.5487222463348539 2.143472909657601e+50 1.9102763523639976e+50 5.384811837160255e+50 25.55758392906979 31.257467187116927 46.55467371627676 27.882026296464947 33.710508892630564 50.57241420149771
0.5488222463348537 1.8039042344416063e+50 1.7843057669433862e+50 5.166384650707481e+50 27.873164145546607 32.2831171891749 46.66330493320607 29.63813732370091 35.69394592505824 56.21349607398382
0.548922246334854 1.4370292907856289e+50 2.2006236309379966e+50 4.492077547282004e+50 30.798450775468527 32.0618400182505 46.64607626187881 32.7100719028581 34.319079328068256 51.37779839442203
0.5490222463348536 1.6349151926462579e+50 2.0455868621925443e+50 4.568065017915507e+50 29.00088268043558 30.859345292326598 43.59976373681352 31.181882965740993 32.28569369563133 48.32439806272877
0.5491222463348538 2.0723746161345253e+50 1.6947502497977033e+50 4.609573406248831e+50 29.656817000621036 30.76162898066949 37.69566432882363 31.281145065256414 32.638238639355315 43.205512947051346
0.5492222463348537 1.3587412630741851e+50 1.7374362753485906e+50 4.526407522788543e+50 28.991510049087594 30.39651270322173 43.23944175478906 31.207653878421823 32.30412426973307 48.78188820527134
0.5493222463348538 1.574203712535431e+50 1.6748615520792434e+50 4.360067581686245e+50 31.577529191735906 32.62170794179314 40.232858845128916 33.02346055450596 34.730759283044456 46.09987433064888
0.5494222463348535 1.4996495167124226e+50 2.2221693090255663e+50 4.6742654161591315e+50 29.29565598976739 30.449199640712568 38.336746555501904 31.125291833806852 32.17970618989836 42.275180452984216
0.5495222463348539 1.493283579417387e+50 1.9198875293384646e+50 4.089215919544359e+50 27.848004566820688 33.75261892614249 34.03268271898648 30.423021229195367 36.61512080927468 41.64897815903673
0.5496222463348536 2.0104733496432137e+50 1.5774194257306467e+50 4.088979468877097e+50 26.746993596508194 31.142088150249418 38.73725338800263 28.38528763616559 33.53861924380101 44.51042790978469
0.5497222463348537 1.5229644950265123e+50 2.1339478160041674e+50 3.835566079331173e+50 27.51657112732075 33.89636038961175 42.85669055059308 30.19752224296714 35.89353486438096 46.90252267830833
0.5498222463348539 1.2410584467502191e+50 1.2416274415302635e+50 4.023452149946834e+50 26.388507681858798 29.437983867453788 41.311967279058564 28.514422442771114 31.676551725192564 46.141938729629615
0.5499222463348538 1.3225942414048126e+50 1.6255459424083766e+50 4.4346860140882014e+50 28.35825918897237 30.255805130005175 48.10911264737573 30.68431418685435 32.86518736492003 52.56636933520612
0.5500222463348536 1.0925506141639048e+50 1.1557096603889348e+50 4.5122654779720936e+50 27.996279645152757 31.713734930565707 45.06418445459172 30.522797885811425 33.644970165533444 48.46028585718343
0.5501222463348538 1.083729932158004e+50 1.1643152608369843e+50 4.762831140804824e+50 29.71997326739558 28.734885530083364 44.25471605920327 31.79091984153279 31.084975983690033 47.14102213497116
0.5502222463348537 1.0786101179202946e+50 1.383213371566138e+50 4.080031236824581e+50 26.3813776486737 29.455306914740255 40.759610677107446 28.7051131860886 32.73895624815455 45.14816712017401
0.5503222463348538 1.220519370234886e+50 2.1551393029752376e+50 3.662906927425451e+50 25.815908749230527 27.684457496353488 44.41851000739964 28.235109532881513 30.109651351877726 49.228502076523206
0.5504222463348539 1.0658337109901083e+50 1.5129004153444511e+50 4.280820584682902e+50 26.694425243714353 30.895798802479185 38.9430519959332 29.21023614198905 32.86381974634373 43.0435153016661
0.5505222463348537 1.011756821236325e+50 1.3180171354345932e+50 3.966399260104105e+50 30.19014825210111 29.090696078811344 45.678366183793784 32.04665703558634 31.806433244198924 49.96166296827437
0.550622246334854 1.3782645657040614e+50 1.6750073285572624e+50 4.183543715397279e+50 26.903201079438418 28.626447315083027 40.281924471373806 29.094126582009615 30.635831755494117 44.47449758611592
0.5507222463348537 1.7052193217983902e+50 1.2619917032632805e+50 3.5637044841483137e+50 25.114922493023098 30.855829092600583 44.88580991659027 27.037543611489838 33.29117340195032 48.959528298942736
0.5508222463348539 9.700461716481555e+49 1.1435796053522172e+50 4.312236165111532e+50 29.47855546910905 33.01529727210678 40.61101611195579 32.177995614801176 35.23846558327479 45.19865927289551
0.5509222463348538 8.743520749734903e+49 1.0321890746712562e+50 2.630040360314414e+50 26.522014642760315 31.42592427945779 43.58307346151003 28.68836764913629 34.00206472956146 48.36176918543788
0.5510222463348539 6.702624378988044e+49 1.1332160608959405e+50 2.9967470303798166e+50 30.58106533630806 29.829081725008123 40.09632507715741 32.84179707604994 31.971209548039614 45.9638389818906
0.5511222463348535 7.350876822421396e+49 1.263930436382398e+50 4.108504894694608e+50 25.966304743787628 29.35364039018722 43.53891588534513 27.879447960939984 31.9892594568676 49.561966639793965
0.551222246334854 1.257113843786119e+50 8.781621772537748e+49 3.999304379562086e+50 27.332557517319085 38.11095123456069 48.48604340829183 28.930459934439938 40.061933851511576 53.0086102853245
0.5513222463348536 1.121156140331603e+50 1.046471462110563e+50 3.272247337430148e+50 24.497911257884944 30.617666174337362 43.957679572112816 26.689076901790987 32.49455031579303 48.32493469244748
0.5514222463348537 1.0117747778459766e+50 8.456021412722896e+49 5.250138607090985e+50 30.284236025272005 25.926033191513397 43.74439388673536 32.54769686207106 28.662712964343257 47.60740927769962
0.5515222463348537 7.659002338839665e+49 9.342525551369999e+49 2.657534056871173e+50 31.448094724874572 35.10904438624551 43.287168840846014 33.34077918604196 37.819948058793905 48.45805152533129
0.5516222463348538 1.0998635316824319e+50 1.3708249972197627e+50 2.7482102747949266e+50 26.38322487271044 32.37562841928697 42.66816427637263 27.90141887423697 34.24532448527722 47.56086299767482
0.5517222463348535 9.343188908114632e+49 1.0432684941410497e+50 3.879421415925606e+50 29.112538259399752 32.254299719802 37.153703918115156 31.192680701814286 34.14549926818629 41.4119404400025
0.5518222463348539 8.67883062282754e+49 1.096823319859068e+50 3.6729830227299826e+50 29.140254098814005 30.18345044882143 39.82077252464052 31.051903187754537 32.8001629074195 43.15564987296896
0.5519222463348535 8.886389519979936e+49 1.221119808655793e+50 2.8947911192347114e+50 26.776431682509855 32.054209283914254 45.28320657164181 29.303464016193967 34.24093667191298 49.474899884309785
0.5520222463348536 1.0277813014846888e+50 1.2237022056426403e+50 3.2543151454959795e+50 27.413657633095678 29.6220358935648 44.235990018751224 29.628912684310464 31.80673071905604 47.2160058804749
0.5521222463348535 7.267854431790503e+49 1.2953697576058775e+50 5.091267412287601e+50 27.705338330342393 31.91017932842937 42.985405757405736 29.598699025325207 34.08674378927608 46.61339790687126
0.5522222463348537 8.679093817211007e+49 8.222237751719114e+49 4.93060653189179e+50 29.838397421799662 31.745469025900697 58.06115084527656 31.795212837645536 33.735222154399295 64.41315653914931
0.552322246334854 1.0373727678146337e+50 1.0154903932684495e+50 2.783518306546099e+50 25.910104945345676 31.47419242301319 46.473858501573865 27.824320241938075 34.299320796909356 51.444924174471915
0.5524222463348537 6.69620205305073e+49 7.57735356450146e+49 2.7330602875792023e+50 25.508252395793225 28.184291599660725 44.05279792357473 29.979094673778718 30.738614862088053 47.867564945273244
0.5525222463348539 9.399014526171141e+49 8.211567358954744e+49 2.8562908550916102e+50 29.202159456162633 29.142641628414875 44.42826446127737 30.647937739406483 32.14127626225919 48.62531047404875
0.5526222463348538 6.544646740668664e+49 9.404473666276153e+49 3.927074990168566e+50 36.31307799310723 28.720985040891712 39.719011582768076 37.6711780255136 30.717765245519928 43.67669151499118
0.5527222463348539 7.786902718378615e+49 1.0487843330375036e+50 3.1349771308380374e+50 31.433968852177202 28.68112453515812 44.64758546165073 35.05033469002143 30.94913768884299 49.093831878878994
0.5528222463348537 1.0368240650985806e+50 1.0633519428072418e+50 2.1788803449437433e+50 29.046971880033713 28.587580883283213 44.32559498685378 30.24029635391475 31.431132699028062 49.214281241160215
0.552922246334854 5.846795433933875e+49 9.049235828032845e+49 4.1250603460870325e+50 32.72761721369617 29.777012806084773 48.612229699997286 34.99856487001252 31.783951283303285 51.91554795493417
0.5530222463348536 7.742048798574561e+49 9.743999037250262e+49 1.9620731060596595e+50 27.2618641693183 28.72658758388376 44.013978652223486 29.282879901996566 31.46808507341516 49.58232043196262
0.5531222463348539 6.705479569363696e+49 8.771681744053086e+49 2.4753226871178176e+50 31.187181998331454 34.8398619365845 43.95474088979394 33.16156244296773 36.98929560941771 50.84756031386342
0.5532222463348537 5.884036513064291e+49 7.892061945032289e+49 2.072775990378283e+50 32.37994659804072 33.68953200500516 43.26071560857955 34.938129564326104 35.65501054879245 47.601763690590346
0.5533222463348538 7.469210390012286e+49 4.846642450514367e+49 2.7830181767592117e+50 25.394111494098908 29.706821974469324 42.9944023610457 27.759994844948114 31.902254996069964 46.930726350705186
0.5534222463348535 4.6119534047423914e+49 1.0548011123929168e+50 2.911973342414065e+50 27.59657601768988 34.53273263770338 41.33350385866929 29.579732723176537 36.46928613207666 47.04995874399234
0.5535222463348539 6.331323936484454e+49 1.0487010846223124e+50 1.8824765684194706e+50 27.2974413244699 29.02083342567593 46.248572067531896 29.38961281060044 31.439066820120175 50.77917590676988
0.5536222463348536 3.8824162619545284e+49 4.85207436223697e+49 3.197681393584429e+50 30.786970012539236 29.292722088269826 45.01034266342705 32.896286340062716 32.32166042847941 47.568245078291845
0.5537222463348537 9.325718695074366e+49 7.298461287642815e+49 2.4557806065277474e+50 30.244200644806483 31.408509804474228 39.82595431785714 31.428936688561905 33.74073317810331 44.121180603737734
0.5538222463348537 8.643965568740753e+49 5.455472936872714e+49 2.0107725731533632e+50 31.32765729990585 28.710353615509547 45.55343135306737 32.787783005925945 31.224569321270966 50.35546181749261
0.5539222463348538 5.675924234681766e+49 7.227065604968703e+49 2.006202150549937e+50 28.44497258325886 26.250977828462297 47.859981601338696 30.30724822795277 30.14574999636611 52.32875843923181
0.5540222463348536 5.165488637378026e+49 1.0902272967353353e+50 1.6033603378647523e+50 30.472837870002632 30.307651615461797 42.27796692954218 33.674805078246365 32.456100384142474 46.4555414826533
0.5541222463348539 5.877784828876011e+49 8.127101014114293e+49 1.4474610110127694e+50 29.20143222490525 31.905270967990393 44.90955237430201 31.98665722483842 33.989579487430795 49.77051253946494
0.5542222463348537 5.876006592079422e+49 8.153790832868108e+49 3.968598492068031e+50 28.383580237491028 28.934960475307054 37.28538309987111 32.157233373367845 32.30172344579341 44.606129614257796
0.5543222463348538 7.0062388114427e+49 6.153768389049342e+49 2.000434142187261e+50 25.784745895053096 29.478276364871327 47.720593739016444 27.235830823717574 32.007967810685116 51.46489675437825
0.5544222463348537 7.091346890533101e+49 5.843360735883488e+49 2.1782600457330714e+50 32.788557993383414 28.572450726373983 35.26544119477306 34.37095269399009 31.31505316675697 38.57002147933671
0.5545222463348537 4.890074649608823e+49 5.945838970768997e+49 1.680272909116314e+50 29.661240991529052 32.11834644646164 43.06719284324988 30.55898235603136 35.01177007309575 47.572602749604876
0.554622246334854 5.396076606212777e+49 6.572142240598416e+49 1.2782832985830791e+50 27.150241568481526 27.470690504759297 43.457565320054805 30.504626951397263 30.166336970644384 48.052745744882756
0.5547222463348537 3.929366820814896e+49 6.336757770998917e+49 1.945303153053843e+50 31.480628355485752 27.385980054799123 43.836496524801824 33.71663785632809 29.40695269145622 49.72062078084723
0.5548222463348539 4.3378612503075333e+49 4.872635146532394e+49 2.0090942043303737e+50 31.171115537768358 25.91756563262427 45.42412685300109 33.215473071014074 28.689173144249317 49.2911258968671
0.5549222463348538 6.005868521106839e+49 5.46419964138598e+49 1.5542870379756669e+50 25.783883334021255 30.501685137531908 47.30160379233699 27.872802991965184 32.865148676206566 52.26056457057144
0.5550222463348539 4.6221980480540055e+49 9.676127144685502e+49 2.05973358642414e+50 24.841156206287422 37.448355700204 35.6812180020681 27.735851168123297 40.53416346103342 42.02806309476552
0.5551222463348535 4.771556884633562e+49 5.141858656041433e+49 1.4386351254451943e+50 27.32202046635958 30.50394430177876 45.74787522891989 29.48179644499992 32.57985672954299 49.894482891750826
0.555222246334854 4.1283380059081285e+49 6.463869881731142e+49 1.759143448973949e+50 28.146953082979888 31.694303204117084 53.76077428103791 30.084091057215577 33.721220781824464 58.86543967141894
0.5553222463348536 4.4807799075547975e+49 6.132303812540981e+49 2.175835156641991e+50 28.535480854498086 27.30557951567588 39.267885158059265 29.998333207575953 30.42781649154934 44.56046660191668
0.5554222463348537 3.419835160994586e+49 4.937856388240421e+49 1.39403891827674e+50 27.790940857331552 30.902187097510755 42.68376019144131 30.603337118579613 33.243610515996096 46.54503095908134
0.5555222463348537 4.063145765116931e+49 5.140974950431622e+49 1.6325491874324841e+50 23.169770223240114 37.61135524993902 36.03014379467164 24.26639644669482 41.20710521692396 44.83651518424359
0.5556222463348538 4.573146349740034e+49 6.187455579145691e+49 1.1610882250739003e+50 26.99868615581637 30.39425884051634 46.69592387968186 28.054495686017262 32.85725706925972 50.53823331029884
0.5557222463348535 2.5563990203548653e+49 7.988262452526964e+49 1.0938502444349434e+50 35.61306437442163 33.68470182322233 43.07938297619058 37.1323751306902 35.19161117171039 51.10338594018044
0.5558222463348539 2.760162121284271e+49 2.959933406239362e+49 1.632225711775012e+50 34.465109690261606 31.722339030042882 46.68776706320896 36.41680756572758 33.48280202308518 51.19785073444968
0.5559222463348535 3.1358649042914266e+49 5.451454151092936e+49 1.1350591620273345e+50 28.331748104051226 32.560480036497395 45.51963569819752 30.168784486106833 34.16690411172988 49.4951975227514
0.5560222463348536 5.057009317657423e+49 4.215453454608416e+49 1.2865050474601443e+50 27.09530666433348 33.761770309320774 43.68918141033575 28.836294210960247 35.792204203882015 50.63267870044295
0.5561222463348539 3.4306818566590826e+49 2.813088011886592e+49 1.0619519239588886e+50 23.8034063919603 30.955035793746994 33.85683660191361 25.11079761962312 32.90835843634089 39.52720757736614
0.5562222463348537 4.292155735363967e+49 5.213730103016767e+49 1.8720815081000282e+50 28.930238307085773 30.796454186457154 44.85332123418728 30.53677906144545 33.41499362225628 50.11730487444341
0.556322246334854 2.5795608277055495e+49 2.363891337090964e+49 1.4795009318247893e+50 23.539452422756682 29.189708722199786 41.8339976295375 26.40085421700846 31.240422536580226 45.33431688386162
0.5564222463348537 2.573747628859264e+49 5.834017843171178e+49 9.470360327489304e+49 30.390991862272696 29.141260188676267 48.20837765117929 32.76450620020386 30.765223785133067 55.810981477007545
0.5565222463348539 3.2089408101414067e+49 4.397363744448102e+49 1.993400508752372e+50 29.48533128527589 28.865438876935414 45.56356000088326 31.551512345886156 29.98502294666872 48.82579967503906
0.5566222463348538 2.861274037898567e+49 6.327678807312874e+49 1.9079048526453207e+50 29.682233071364177 31.68717323048047 28.62328926176087 31.15225609102868 32.92317560683416 35.08926540458434
0.5567222463348539 5.600929656717521e+49 3.248061413595385e+49 1.6875556230197538e+50 22.937799436782893 30.29784911577692 38.91389120263012 24.428699148769923 32.323893436374455 43.74838337693602
0.5568222463348537 6.234370674308193e+49 6.49103327042304e+49 1.3028726448602844e+50 27.524225610224224 29.91134055313378 39.58726751557136 28.747926246593597 31.447247965428932 44.59508371180404
0.556922246334854 3.414736111669064e+49 3.679749195606207e+49 1.6032826673018345e+50 34.344174607699486 29.008824137749066 50.11253431102952 37.56967447844919 30.301501277528082 54.5502486375947
0.5570222463348536 2.4880400662034437e+49 5.917055720934227e+49 1.3381491503667296e+50 31.170702386182093 29.429318588593937 57.12666285239765 32.763913526839495 31.221083641459895 77.95464490106986
0.5571222463348537 2.200073662360937e+49 3.772921933355797e+49 7.690337410321656e+49 30.81668068747014 30.6652435230341 47.68876342773925 32.34326230609008 33.239199579438726 55.93642848439445
0.5572222463348537 5.09773001669122e+49 3.7596695752921126e+49 1.3373789371594341e+50 30.42283677388757 32.77192985174462 42.41827643339199 31.1345222551833 36.0432869252466 47.50604991446944
0.5573222463348538 1.7893393690075913e+49 3.3680750537872563e+49 1.4539832907071812e+50 30.517397279138777 29.315358996673204 42.348961668838236 33.147203003574084 31.608114783628757 49.351397522387416
0.5574222463348535 2.2808422089601786e+49 2.567213439681585e+49 1.0725037362275404e+50 27.403140387171145 30.954374340298205 46.39408258710288 29.676624384970612 32.80072266710493 50.377058859261126
0.5575222463348539 2.154980643729119e+49 6.294517837310186e+49 1.8427113662294836e+50 30.94878342320553 32.082561955666 38.37739159758893 33.69373726641402 36.014288608708846 42.214904031455966
0.5576222463348536 3.3785153752357104e+49 3.5841801048448385e+49 5.578304253320535e+49 27.204429906473052 31.174706101005594 38.53826608477866 28.638000508759006 33.8662518084894 48.475302890810234
0.5577222463348537 3.450523998529139e+49 2.188808939025233e+49 1.3217742426428844e+50 26.14153212361465 28.727102104578385 48.37561075652336 27.758095237882817 30.933690620844764 53.80849227977671
0.5578222463348537 2.7481904494213166e+49 3.049341429693741e+49 1.1543326024118135e+50 32.501046490831115 25.601512143546806 42.005939193857955 36.223627818355645 28.52137771863147 45.606898685580234
0.5579222463348538 1.6076295755481736e+49 1.9411843311498296e+49 9.41436091693827e+49 25.976498159103265 32.767198675883485 39.83407074115574 28.930785059868445 35.23293882403568 43.17533327455572
0.5580222463348536 3.6741015727421626e+49 6.29480294562067e+49 2.5434321317337798e+50 31.074859534093065 31.322923909783604 55.10428119967423 32.50320285655128 32.422632079446025 56.41438451030749
0.5581222463348537 2.0109974783429854e+49 2.162807122306e+49 8.561258002442349e+49 25.52800666681504 25.997758568890955 44.145854656272505 29.438219277924734 29.41738095689265 47.62232954515835
0.5582222463348537 1.3070740151589323e+49 5.169086864373703e+49 8.981709441040304e+49 24.11455515678248 30.206768453515437 47.008456198896184 25.50851663971712 31.720724361544324 50.234315195911186
0.5583222463348538 2.4130146473778333e+49 3.4764035152841333e+49 8.773881032167084e+49 27.015123742069882 31.65395651828366 40.91861631493448 29.601274658790615 33.272228206130606 47.89897015195609
0.5584222463348537 2.7806359479982617e+49 4.1053308774015166e+49 9.808124058299673e+49 33.64104352902603 31.542234556842708 45.755220867877526 35.19058814664956 33.29466691404191 49.9934824008757
0.5585222463348537 1.8842139854857822e+49 1.576495413482061e+49 9.644936502134083e+49 28.705367311496527 38.28591257012918 38.970048344301986 30.081453745817957 39.857680876954504 43.525372137331665
0.558622246334854 4.917733146102758e+49 2.7535528891650337e+49 7.748312346900154e+49 23.503381766828472 28.540331328132257 41.312577752105526 24.48557947508684 30.471720377705434 47.29301000313081
0.5587222463348537 2.7215965375339433e+49 2.672641043356386e+49 4.267472855459428e+49 21.856326580844307 38.02866434796841 50.35300935578904 23.32385972237086 40.13141151346414 58.800835879154306
0.5588222463348539 1.2076726669002493e+49 1.775968913995944e+49 8.806764503603994e+49 23.471751299738774 43.857939678560726 50.08773304383836 25.612705019080003 46.099672404068876 55.05044382135687
0.5589222463348538 1.6063183437768884e+49 3.071484042797639e+49 6.880957526373983e+49 27.893301635408108 32.85603489544641 41.93411411297659 28.993125756234843 34.62094137675036 45.22029717212604
0.5590222463348539 1.521914661674956e+49 3.7792981677095033e+49 7.982441526642232e+49 30.072912980920197 27.760394390773726 41.80722213428104 31.06896496072587 28.69617732112849 46.31829465197938
0.5591222463348535 1.1748535891126814e+49 2.437660074406217e+49 1.6628793754703324e+50 34.89231434978835 30.307998914489705 47.57428261240504 36.64472811898437 33.96014927757196 51.539594598593986
0.559222246334854 1.3438713714426236e+49 1.6385629805481464e+49 8.187618715825935e+49 31.514182394185323 39.797586545172656 39.062148237706026 34.015319289877475 42.139282313233664 43.02194400024617
0.5593222463348536 1.6293592842861898e+49 2.2916810194997755e+49 5.021316173777739e+49 27.18893388667082 20.066228708376286 41.85162656833679 29.48669625704762 23.513478489603056 45.98437783784989
0.5594222463348537 2.433339131913184e+49 8.743198844095647e+48 9.805959413337563e+49 24.870635100688474 33.74066983448828 43.335156483610845 25.96437728764273 35.84958228090646 48.20770368868546
0.5595222463348537 1.586119349116309e+49 1.9030750837130357e+49 6.999076384284053e+49 26.959075461162396 38.88511674424593 46.313708641828654 28.365154387866983 43.34838008476036 50.93866488170206
0.5596222463348538 1.854590539728413e+49 1.7654169366381144e+49 1.0947548598447475e+50 28.79014669023422 31.576580711991454 46.237145772314385 30.555746554853798 32.93068606743212 52.73344610736703
0.5597222463348535 2.154960746802283e+49 1.8714174246494986e+49 4.560360853182745e+49 37.768875298294965 37.46671715894616 42.364387286011635 38.04997570576936 39.22614975585419 47.15370126684341
0.5598222463348539 1.1718732622111636e+49 2.1589726037564469e+49 5.896481365863378e+49 31.703535761499396 33.037047821377335 45.80897844174992 33.65289687240372 34.70428454301347 49.387729962392235
0.5599222463348538 4.013757508592132e+48 5.142184952442974e+49 7.277677920905673e+49 34.47669237273624 29.58625687820936 47.38345227333259 38.198695214102855 31.571871431353816 52.82177332943109
