#tbounce=0
0.5300222463348536 8.726066487369578e+52 8.333967779387534e+52 1.5989444466716218e+53 19.442324503535872 21.648091143778576 25.538946354287642 21.620300859387342 24.091534318295277 31.254489470187462
0.5301222463348538 8.722401562035404e+52 8.453652286603972e+52 1.5856051824294331e+53 19.268486735642952 21.746820244364862 25.404991620312558 21.45208323762829 24.179014458697708 30.97381334872082
0.5302222463348539 8.801564895616573e+52 8.501083141739863e+52 1.6124349817376014e+53 19.31046335441956 21.744123559288308 25.49058892632068 21.5041350664072 24.15206891580676 31.00966092130501
0.5303222463348536 8.817958691713955e+52 8.35410449909968e+52 1.6087912210205037e+53 19.30433750361183 21.717833670389986 25.29274159885203 21.501567136259087 24.164531745921614 30.954325552377735
0.530422246334854 8.889914440257514e+52 8.305509485536475e+52 1.609155542890307e+53 19.31583586274832 21.727981019199152 25.66763823088438 21.483557586524782 24.159639713730027 31.141823605851894
0.5305222463348537 8.776422260229478e+52 8.349560321831634e+52 1.6342516484696839e+53 19.370570371343966 21.64142526328053 25.420282817282565 21.55477194942452 24.053135263758694 30.995724534967206
0.5306222463348538 8.775876488929716e+52 8.393946357202185e+52 1.589294030682478e+53 19.209962781520492 21.67857419474352 25.611944852552085 21.399829753509692 24.115303066916812 31.19199330034159
0.5307222463348537 8.754068847793457e+52 8.313685699506162e+52 1.596670475721909e+53 19.382728671082013 21.661308808332482 25.23980100931356 21.56373560637529 24.11633114051961 30.885720054067846
0.5308222463348539 8.760102781464633e+52 8.376182884203394e+52 1.5813211585055178e+53 19.380811077676487 21.766289598250495 25.643501736700127 21.58989018062783 24.21930853461655 31.25968305762337
0.5309222463348537 8.882708145149373e+52 8.305908432921674e+52 1.605096306189355e+53 19.37288253679377 21.768481050814504 25.445752409926186 21.546275534636266 24.219526052755658 31.06276484717255
0.5310222463348538 8.932338706185807e+52 8.417473471060731e+52 1.5895464327488448e+53 19.40435099375603 21.76712369423225 25.291781679172082 21.584024965171235 24.238739911126142 30.966841654559836
0.5311222463348536 8.88013094665107e+52 8.315894137376361e+52 1.582366079486682e+53 19.28595346751477 21.751480366945216 25.80409670844865 21.474159162764053 24.198715694197052 31.441108240912346
0.5312222463348539 8.80524040256189e+52 8.340785632930707e+52 1.5925119947555429e+53 19.309196994543843 21.68850796338568 25.571693242936163 21.506136266146363 24.149090919814434 31.180871840524308
0.5313222463348536 8.663018791158735e+52 8.370374088320515e+52 1.6402151355862872e+53 19.303349158139994 21.66410239655368 25.423698497107903 21.510200185010184 24.105150564092934 31.039167264289052
0.5314222463348538 8.711174944292402e+52 8.258529485441571e+52 1.6478112351167938e+53 19.308551411157875 21.766022880797273 25.540045388546606 21.504724777999034 24.211457603270347 31.08281091300985
0.5315222463348537 8.715658385837455e+52 8.3492170174352e+52 1.6375361189285672e+53 19.362392663595248 21.765936873754306 25.759605291571976 21.54342054422689 24.218055703249693 31.235281139565657
0.5316222463348538 8.741279002026953e+52 8.324642585411583e+52 1.6087739132921428e+53 19.41684421305644 21.718299799819793 25.651576822798745 21.605481743995036 24.171220265614526 31.29062891112994
0.5317222463348534 8.733942382732914e+52 8.313692037533385e+52 1.6319959812098304e+53 19.336014664943622 21.753303358484025 25.499624722442018 21.554218522824296 24.20468736712487 31.16948891424554
0.5318222463348539 8.690710552672639e+52 8.303248766583013e+52 1.6517863515436894e+53 19.4252973593936 21.76330586630107 25.575282036018262 21.608439471348724 24.215312840806945 31.249898456878004
0.5319222463348535 8.77788566334852e+52 8.387756821526838e+52 1.6249379310102214e+53 19.29905907297215 21.799401895349053 25.525230353560517 21.465126128294262 24.226505131391374 31.17721796268992
0.5320222463348536 8.662757949540269e+52 8.387930069400645e+52 1.6121666041856607e+53 19.28471654371866 21.739846669589795 25.627890582200788 21.481767056094416 24.14894557838493 31.26643461652658
0.5321222463348538 8.813837147442142e+52 8.284677107697148e+52 1.6360630586764811e+53 19.367981643414236 21.752553460873976 25.741136688465584 21.55495758373254 24.23845200071323 31.42946402913964
0.5322222463348537 8.827737814810895e+52 8.372532639429051e+52 1.6512687403060468e+53 19.34515442056318 21.776064905247825 25.510359873962443 21.509644040922627 24.204873289292617 31.071901470375053
0.5323222463348536 8.689917720112088e+52 8.357948985244706e+52 1.6480920516285382e+53 19.35659869762706 21.753791019749357 25.5325701266184 21.538183927873334 24.18161162689106 31.07822524142153
0.5324222463348538 8.776673869400157e+52 8.400353672429079e+52 1.6670654286448275e+53 19.33456156468323 21.762833610243177 25.819298289650987 21.52160913413161 24.215639568113403 31.480290880286542
0.5325222463348539 8.728895098166154e+52 8.364957494323021e+52 1.6244873957638172e+53 19.415906233982316 21.783422428524965 25.81727010915483 21.585990100868273 24.23382261321772 31.46845528913327
0.5326222463348538 8.726671438816103e+52 8.483017177411488e+52 1.6492845150531601e+53 19.467377391112034 21.80468591070457 26.095238062378034 21.67660969533674 24.253750750021705 31.800244987995455
0.532722246334854 8.766939893573561e+52 8.409507350032053e+52 1.6480868437009795e+53 19.32989850740872 21.758057979302325 25.674160800881644 21.5019398484155 24.222707132576883 31.275654442970485
0.5328222463348536 8.782344830218077e+52 8.372406612977061e+52 1.656588949761018e+53 19.398070903224063 21.82915292224484 25.812021721993023 21.57641341534687 24.271584573140313 31.568626564311714
0.532922246334854 8.768699066972837e+52 8.31320100311581e+52 1.6417599901291976e+53 19.318078222026486 21.72200090349528 25.785024641362554 21.496969619618877 24.160982777134393 31.411341325509888
0.5330222463348536 8.732733339025018e+52 8.381584208272139e+52 1.6363704462361274e+53 19.313362412301533 21.66387854798409 25.70326715514733 21.480583245991546 24.09998296023924 31.426423188628114
0.5331222463348538 8.697042744389194e+52 8.483967153690148e+52 1.6367115022566547e+53 19.40458469301889 21.74425562082947 25.869139709897468 21.59134515388456 24.177831684773555 31.67753234936119
0.5332222463348537 8.627546816396677e+52 8.329395388106161e+52 1.6695801385084804e+53 19.308892899890647 21.7594669839273 25.709119650607846 21.506242096419058 24.2050862586281 31.373243749056073
0.5333222463348538 8.836374919548068e+52 8.36783684750562e+52 1.6813893651418876e+53 19.359810552530003 21.817445026059925 25.712353815948187 21.525597158719794 24.26036845532494 31.385005762504534
0.5334222463348536 8.794825219425977e+52 8.310332577637108e+52 1.6544252171400248e+53 19.374458310342835 21.794969792361616 26.145794100036532 21.528866855680683 24.25513475049895 31.77975346643723
0.5335222463348539 8.762708552818462e+52 8.35441130970692e+52 1.6576587604466193e+53 19.389043912988363 21.842829799178414 25.969444581379705 21.55882680462757 24.270846006585195 31.6362534704665
0.5336222463348536 8.787191477793683e+52 8.353398075876563e+52 1.6522563600756567e+53 19.458835956974266 21.765332084410645 25.71123393285746 21.627645378783292 24.19862688380499 31.436217825056033
0.5337222463348537 8.630011599067198e+52 8.400969248061276e+52 1.653515959291428e+53 19.411024788083814 21.86438580719075 25.86429828455218 21.617609340053068 24.31259817801678 31.55644188710005
0.5338222463348539 8.737583759376545e+52 8.36423980788865e+52 1.6700914352504737e+53 19.3611121518999 21.784861756174266 25.632783796559785 21.55011934278024 24.23665592915843 31.310364984531176
0.5339222463348537 8.655374296536884e+52 8.365372571352373e+52 1.6340099117727644e+53 19.41410697220505 21.73479761619946 25.82690644833204 21.590975328255254 24.192081721608854 31.628295172525227
0.5340222463348536 8.702432423155227e+52 8.42669682585195e+52 1.6405435263934085e+53 19.34366089364359 21.814487010771675 25.94815902117682 21.526090874593688 24.239185733102254 31.701313309714564
0.5341222463348538 8.762336980188387e+52 8.37637631745498e+52 1.633463441658883e+53 19.367274133179393 21.834128239398673 25.823358951857404 21.539957538162273 24.279674106131765 31.617777671704616
0.5342222463348539 8.72169716842216e+52 8.352173525286514e+52 1.653671701386582e+53 19.29586671350076 21.95557044732138 25.854339318478086 21.48173057588326 24.41713047664424 31.533263938741374
0.5343222463348536 8.701823214876725e+52 8.349851939734679e+52 1.7004801363578293e+53 19.402630004319153 21.817009036131687 25.605256748121118 21.57300296015606 24.27562630309749 31.20666835939892
0.534422246334854 8.543589441157641e+52 8.307497802651547e+52 1.6850800555128117e+53 19.319126448667728 21.678412718349687 25.807829144669604 21.53150613100513 24.12160972753358 31.38772518601055
0.5345222463348537 8.558740673929752e+52 8.373003701971063e+52 1.6562389582795087e+53 19.378426347412532 21.669009678823645 26.019156462264917 21.57775926777316 24.10462354223099 31.712805183240082
0.5346222463348538 8.637062498982659e+52 8.302890754316287e+52 1.677246272925798e+53 19.470676689652795 21.784938672174157 25.914842990656727 21.66357734045454 24.243645547453095 31.71021894497255
0.5347222463348537 8.538475263295136e+52 8.319864969230113e+52 1.6792684238173093e+53 19.403320362280333 21.728543058147647 26.07658000868487 21.569605238469524 24.1970817338107 31.730441801310818
0.5348222463348539 8.544192339117226e+52 8.329298037635359e+52 1.6612140545796155e+53 19.401716822719305 21.726265316310894 26.08323066263594 21.582043003145426 24.185757706748127 31.971883315373084
0.5349222463348537 8.515990268230233e+52 8.188509272142008e+52 1.6709353273316552e+53 19.394341461874895 21.636226707589728 25.94634970657184 21.59954811398293 24.099840262415114 31.603972242197994
0.5350222463348538 8.554645313086385e+52 8.34624123986164e+52 1.6481598770127863e+53 19.393867449225407 21.732649964081062 25.924433972801243 21.5641979481743 24.17031054964371 31.724124118972536
0.5351222463348536 8.661108254250836e+52 8.375830068333123e+52 1.665383934117388e+53 19.35552094946901 21.776689460625107 25.977440488405584 21.52294194635914 24.20446354099664 31.68177234292766
0.5352222463348539 8.657774557813756e+52 8.450736405268025e+52 1.713024966735921e+53 19.352547766708074 21.844722494525175 25.827901705668385 21.521350896308114 24.279905786866983 31.601770020665253
0.5353222463348536 8.555165745387129e+52 8.239807298306652e+52 1.7822916313862535e+53 19.322194730056314 21.69175051863896 25.81627119300541 21.501839066885466 24.150145329495288 31.415416418000184
0.5354222463348538 8.526402770899782e+52 8.167882957831412e+52 1.7346266969972843e+53 19.47299555453249 21.68035751828235 26.582916447020846 21.621881070368303 24.13307491177543 32.215029137930934
0.5355222463348537 8.495216420486672e+52 8.176003049672692e+52 1.7246847199205133e+53 19.353360993084262 21.787713058108633 26.546653890633227 21.525703614258983 24.246531141666143 32.22655787416588
0.5356222463348538 8.44620145126314e+52 8.184561332226765e+52 1.7152812569793652e+53 19.37200252520065 21.721151007418968 26.30487016182397 21.53659095593593 24.168081983981086 32.051503434662266
0.5357222463348534 8.594655015088251e+52 8.078025055451172e+52 1.7157841799982436e+53 19.359220833556822 21.695050997803584 26.314492893473506 21.500282262781628 24.15814793294834 32.091938461100746
0.5358222463348539 8.409620979060548e+52 8.187752576801434e+52 1.7129900279322495e+53 19.3454967871814 21.839744813119406 26.193753192030147 21.50374749216163 24.258722241867286 32.02018256006036
0.5359222463348535 8.334308104070682e+52 8.258702673323e+52 1.7070599597589156e+53 19.38076171146111 21.74358611246208 26.22932263998345 21.565746749281956 24.22411215382449 32.097594447073355
0.5360222463348536 8.50585221905033e+52 8.202521964581144e+52 1.7221275431440926e+53 19.30701091656355 21.74211187305457 26.325355056826037 21.45278179897104 24.195389601830957 32.06497948396176
0.5361222463348541 8.311222755262651e+52 8.061783708688757e+52 1.6811036392718036e+53 19.35719097811928 21.716397690094684 26.36136213978113 21.53794215078933 24.195956478333706 32.10546201041209
0.5362222463348537 8.429837402568764e+52 8.163659257660637e+52 1.6960762742229147e+53 19.43126673608884 21.691763454171294 26.63359474019082 21.59333360368308 24.136748448552314 32.46759620742984
0.5363222463348538 8.302186145615317e+52 8.07111102254976e+52 1.7306540615906134e+53 19.30859293393108 21.627594843167437 26.34356999594729 21.48277680798634 24.07189690719657 32.055265906131595
0.5364222463348538 8.274623359365138e+52 8.092154493576731e+52 1.7456577659288345e+53 19.33840184888477 21.66049736014344 26.3198291800769 21.511434320309 24.086187981209015 32.12043756219328
0.5365222463348539 8.26579417636995e+52 7.958063399060523e+52 1.7876138909751886e+53 19.349992602378723 21.662141189020122 26.40935745912477 21.502979606256503 24.12763485347604 32.06065591250031
0.5366222463348538 8.094173091897227e+52 8.070574692417855e+52 1.7934690422159392e+53 19.22279955294869 21.649014331983807 26.43034197509126 21.36591452437915 24.07055588768855 32.13786220626493
0.5367222463348539 7.765235114617661e+52 7.703331748242366e+52 1.7850339883838853e+53 19.18077739288924 21.439391541944378 26.733255489288506 21.319874530396547 23.883435464699303 32.50840031823324
0.5368222463348536 7.530914277590515e+52 7.513515913926828e+52 1.7824806452988306e+53 19.04482344105096 21.390610060567145 26.477506691443033 21.191669922984335 23.847451685552603 32.28440358984726
0.536922246334854 6.880746767838163e+52 6.984847229047063e+52 1.7352772129103779e+53 18.901385835180864 21.126362689409206 26.57719818017663 21.069804638495654 23.577702685585272 32.34555024765023
0.5370222463348536 5.425328540640428e+52 5.532695980677587e+52 1.3871815392427887e+53 19.004033714551554 21.16487551925902 27.56795805924277 21.21694683719035 23.673876941773724 33.59096503977967
0.5371222463348538 1.1422201440238876e+52 1.180843342263581e+52 3.649404349751127e+52 24.545810692808164 27.866706047799227 41.79696848201103 27.313909974264313 31.05650500084502 49.75229123425225
0.5372222463348537 6.24965214953145e+51 7.000110952331822e+51 2.2798656997310929e+52 28.727871783477227 31.85704458238547 45.54083386638146 31.745213261260144 35.14641197818302 53.36562042974757
0.5373222463348538 5.043901134372979e+51 5.68986829583153e+51 2.025025607195161e+52 30.02749252115622 33.74916153389802 46.374374872504724 32.816233106805804 36.99882309039786 55.088858676233556
0.5374222463348535 4.104084687675259e+51 4.9948217955341e+51 1.6058664348334316e+52 30.513582852116585 33.181399524567325 48.31997988609072 33.1532746820449 36.02852109793425 56.242132520677316
0.5375222463348539 3.648902781293864e+51 4.010639241810893e+51 1.3550110443959887e+52 30.3348070194168 34.377268442057236 48.75861312915355 32.89478516875113 37.359749825661886 55.97922149870415
0.5376222463348536 3.2847771295778094e+51 3.694875711972501e+51 1.2219492259409766e+52 30.30826057048963 34.552279910527005 48.19274682536509 32.751006873175925 37.36173115260391 56.190634219847844
0.5377222463348537 2.885085481828258e+51 3.153843802885414e+51 1.0705183699649805e+52 29.98432762918634 34.21673264237409 46.86981868117821 32.51487867836758 37.10155077522038 55.02928315794895
0.5378222463348536 2.3505540047408475e+51 3.178968072326771e+51 9.095777099304958e+51 31.27705788007828 34.103627430056015 47.818160408381765 34.004180872705795 36.991055960848364 55.13114323179037
0.5379222463348537 2.3646689080553407e+51 2.7206520636070183e+51 8.513562066841793e+51 30.132328645168958 33.66757063406257 47.023382172787265 32.74664343668612 36.58508892845053 53.57201787889537
0.5380222463348536 2.2271691263938345e+51 2.5221948921756636e+51 8.530523221923105e+51 29.5413148499928 33.89293977768457 46.604580239064795 32.24519455849335 36.62905661114608 52.91596960389458
0.5381222463348538 2.1242988264062763e+51 2.206504591747722e+51 7.238236796890605e+51 29.18588390332298 33.83203773892034 45.84198966608288 31.464406366711387 36.414069479061226 52.404346687054215
0.5382222463348537 1.850448563569764e+51 2.109902067847047e+51 6.909550883744095e+51 29.41120012664708 34.3193090170018 45.692721688322976 32.04820333577017 37.08184636243023 52.36594436768412
0.5383222463348536 1.861401989727881e+51 1.9054350664370964e+51 6.149546631943519e+51 29.041367939368087 32.958654607147444 47.04072857912931 31.879749401643505 35.697883175670135 53.2559318813414
0.538422246334854 1.4501401386831166e+51 1.8786423632004273e+51 5.467452703855313e+51 29.556299517803872 32.798697948287696 46.775954100776204 32.31542961371168 35.46813798921297 53.409970953409946
0.5385222463348537 1.4021220408439354e+51 1.718991619277898e+51 5.449472768243224e+51 30.09123336094167 33.52525868170835 46.97321296536979 32.620697796770564 36.29861100691594 53.517238030618685
0.5386222463348538 1.553532555493285e+51 1.6902148024647647e+51 5.31348418464518e+51 30.117329882062524 33.841047240046365 45.394905864234175 32.599567250714145 36.28574855500041 50.839635743380086
0.5387222463348537 1.683691844732925e+51 1.4276541013725569e+51 5.0873700187263624e+51 28.16175796166152 32.813773215608855 46.912527654328244 30.39436195220621 35.70565372610475 54.776640761404664
0.5388222463348539 1.3808865441352672e+51 1.6762837670666467e+51 5.3294220720942494e+51 30.84030502938416 32.335532717569755 37.70018174482469 32.9789769164789 34.92469570314941 44.90620886919146
0.5389222463348537 1.1772474558418703e+51 1.303693497474332e+51 4.429808238484399e+51 29.564907777275938 31.895119633312863 45.12341056151017 31.981565216512152 34.365959383934296 51.62877880243687
0.5390222463348538 1.1196759881809005e+51 1.3599929933797381e+51 3.934611890572836e+51 28.789491170049814 31.458312400198718 46.155832157384154 31.570043543947428 34.186405431808474 52.22500941755146
0.5391222463348536 1.0653872020125449e+51 1.264534016621723e+51 4.067467773676352e+51 29.84654592686963 33.45353193301671 44.96811446996194 32.17636519961314 36.32286260485995 53.35672010794923
0.5392222463348539 1.0854355663981965e+51 1.1994437930492599e+51 3.525632846750448e+51 29.681145860141033 32.7284049146755 43.72543178622615 32.056867759783664 35.25677121349699 49.26131171752407
0.5393222463348536 9.37863336668584e+50 1.156442594887335e+51 3.64476582252711e+51 27.791473503932718 31.179927463181965 43.17019299717822 30.4550174017616 33.56674334253617 49.20515315940967
0.5394222463348538 9.328621675585035e+50 1.187696745820591e+51 3.240191493930932e+51 29.674160184849917 33.36682033795549 45.219684980799066 32.06023674246501 35.902612534256924 50.62399608235184
0.5395222463348537 1.0277786080625513e+51 1.1123741546620084e+51 3.379374853939911e+51 28.40624282397559 30.273998350132075 42.14476124720386 30.546568357920584 33.01357104369255 47.47925519337661
0.5396222463348538 8.997629288033079e+50 1.1626551162206896e+51 3.3793418271471674e+51 29.80653157157979 31.375669545473553 45.62748443060897 32.306870754013495 33.81397892733978 50.959735794005134
0.5397222463348534 9.382640780990319e+50 1.011304878733775e+51 3.449486203396126e+51 27.92392886603837 31.155377623318078 42.979277601862755 30.226097195180593 33.67061246249291 48.59416926232684
0.5398222463348539 1.0050912346787285e+51 8.502141806641353e+50 2.6522505366722404e+51 24.54919035426705 31.51090143229189 45.76948331187925 26.934468830219902 34.3242176380877 50.73098064551786
0.5399222463348538 8.946706989148461e+50 1.1355304300525113e+51 2.5390659111900572e+51 29.152014315972934 32.11881329734243 43.97475918163524 31.63367042327508 34.7789329772191 49.159178670222296
0.5400222463348536 8.711452731566333e+50 8.667706400489027e+50 2.9366938706595518e+51 28.76216154008088 32.115576331466855 44.646744697813794 30.75819751715935 34.86179393008274 49.40063201634499
0.5401222463348538 9.944176520570959e+50 8.808137652297925e+50 2.692547031821994e+51 28.67156582877415 32.530820671006495 43.09360089413731 30.475431505369112 35.18640806363052 47.9653856116975
0.5402222463348537 7.60978056720392e+50 8.910748811705174e+50 2.609287051045475e+51 27.859104919776172 30.584697890999326 42.75197235707498 30.41519838704529 33.00333553221918 48.676203721380865
0.5403222463348538 7.975676720854337e+50 8.455962127274165e+50 2.4665651583773188e+51 26.046876587381593 32.91809169016321 43.930232557406484 28.938101589902796 35.27676728291301 48.954768872941905
0.5404222463348538 7.484561712406702e+50 7.4445987873982085e+50 2.1832565304760526e+51 28.929136287989458 29.00050316302093 43.52604346123025 31.36207126876166 32.17965622638103 48.746638793346804
0.5405222463348539 8.513381724883001e+50 8.163423194681746e+50 2.645453860487073e+51 25.805652790325343 32.669528379440614 41.750621655091166 28.58813987861298 35.3911242432805 46.50560479756319
0.5406222463348538 7.264772207922205e+50 6.938147613955578e+50 2.3229299126233018e+51 26.00718168597696 31.98607359361517 45.24198512452858 28.51800580724265 34.93837569750461 50.58237085891989
0.5407222463348539 5.99628320729517e+50 7.12080176595031e+50 2.3715570892642398e+51 27.56035376361418 31.43642091357125 42.40747745028237 30.474020081107113 34.20367659577082 48.20980562113446
0.5408222463348537 7.49183277420229e+50 7.604968080001436e+50 1.9860362637603714e+51 28.057740415636673 29.909353130993686 39.68452007764323 30.150114335499918 32.40049913788073 46.062320335967215
0.540922246334854 5.502817096633651e+50 6.695400191699264e+50 2.1873625237818606e+51 29.01285126226863 32.90727295963672 42.79426598970872 31.10282587535392 35.37451738352783 47.692553808903064
0.5410222463348536 4.973439794134249e+50 6.66970021503295e+50 2.1728574642474367e+51 30.380011229698724 32.220676655593685 46.189240001492756 32.62280637850792 34.882295170624936 51.88353446675561
0.5411222463348538 6.641184233506315e+50 7.346660201337667e+50 2.1067413604285918e+51 27.28820720597333 29.917749523430942 45.13986729957923 29.792405598300764 32.55082556748383 50.49794497057588
0.5412222463348537 6.351601906416329e+50 6.527492040524635e+50 2.108778534005824e+51 27.52791400710672 32.06851798578376 40.35246381845751 29.770633336632468 34.7859437776003 45.75289294323903
0.5413222463348538 5.731365636605128e+50 6.348931798961241e+50 1.9591557917897696e+51 28.98393613200195 30.233957396274928 42.364324968760044 31.167817722590286 32.57209587358871 47.149691686946596
0.5414222463348535 5.673165324232479e+50 5.437403884401805e+50 2.0346773354799645e+51 28.83547385123166 33.723474308923684 40.206986034732154 30.969364423695286 36.43833011358545 45.610451427886346
0.5415222463348539 6.0032408999830944e+50 5.715774333565664e+50 1.8033043993246956e+51 28.697955977982257 29.842677621827782 44.96945510379419 30.9368288164402 32.48273108797449 50.515804105256265
0.5416222463348536 4.835856306138099e+50 5.138968728091836e+50 1.9399096460239222e+51 28.958802752631453 31.109998388489828 42.4487812002216 31.398636368763086 33.79437194252389 47.392262303988105
0.5417222463348537 5.221613442873403e+50 6.08346286468985e+50 1.9245797055907405e+51 30.55773525208662 30.881577873571754 44.858036627037585 32.90362569108588 33.33204474112983 49.61853904270649
0.5418222463348537 5.11640731584035e+50 5.47648634436549e+50 1.7829479236764837e+51 27.22838462158248 30.658879272873733 41.104409921098195 29.584877714672924 33.415024479850985 46.508664445224404
0.5419222463348538 5.420942360655712e+50 5.330614036022747e+50 1.7862476774124524e+51 28.381791255847144 30.700859528963942 42.638790740296876 30.126448684092196 33.23617338100172 47.917604893438
0.5420222463348534 4.438075261610531e+50 4.752259820667315e+50 1.7664438558907956e+51 27.37801828099332 32.450901916968164 47.710360749565794 29.63353199627752 35.11545365342804 51.98990162901344
0.5421222463348538 4.421999694077605e+50 5.211604431903156e+50 1.5845915709814984e+51 26.464137161363908 32.85759540490525 42.28725375124821 28.89312052202689 36.276477955824305 47.41289440867577
0.5422222463348537 5.508555100245935e+50 6.4282409224738975e+50 1.521647866459843e+51 28.99393631065038 30.11187852571998 45.369429250692875 30.739231201429806 32.33442326423183 49.98936720916882
0.5423222463348536 5.039326648110296e+50 4.9367185081015865e+50 1.5960199634832247e+51 26.199743805279287 30.962723212869875 40.055715980926244 28.671475920008966 33.626797127192674 44.90795772320687
0.542422246334854 5.110335614876032e+50 6.026232760149128e+50 1.590843210986147e+51 26.32128933369846 30.011935159747672 42.46656585205616 28.363087793406905 32.236173961539684 47.941695517151565
0.5425222463348537 4.613241416591672e+50 5.272290424363869e+50 1.418979634975295e+51 27.65463547162193 31.73914024947441 43.95263174851666 30.161074976073017 34.17484154883407 48.54413864472617
0.542622246334854 3.6409498154005677e+50 5.2662974731883436e+50 1.3882562085099342e+51 27.82676644132099 31.179630525664333 37.752581990841534 30.242008428867628 33.47063723052242 43.80161393744888
0.5427222463348537 4.936204028000317e+50 4.4385517708804636e+50 1.3307893168356018e+51 29.824292688814634 32.27080607109169 39.70381919727243 31.665752300431212 34.86522140979375 44.98373025362743
0.5428222463348539 4.8502963804247655e+50 4.850560785518568e+50 1.3129416551931736e+51 27.02427895921142 31.339223204930487 44.41849744976709 29.393666198253005 34.10757946529871 48.818897126691546
0.5429222463348538 3.948719493125793e+50 7.048533324800737e+50 1.3920037612092337e+51 26.73359879536654 30.070378729080506 45.723058100272944 28.830981796368164 31.94642863696178 50.749328800445916
0.5430222463348539 4.389895581771468e+50 4.692238501323026e+50 1.60656559867831e+51 28.506262786891792 31.185008149513724 42.46689421269084 30.893270611032396 33.576689704957325 47.62852519470087
0.5431222463348536 3.82937819218206e+50 3.369016680373412e+50 1.507992242705254e+51 28.557907676501877 31.1175665761513 43.32165057277823 30.961744025838204 33.73845028581147 49.01573004216347
0.5432222463348539 4.16147713869629e+50 4.348693938193909e+50 1.3094537581248428e+51 27.73222890768342 28.36823262557835 41.84969613322064 30.28730926627456 31.62093797434617 46.97221129512762
0.5433222463348536 3.539887724775662e+50 4.869196034494341e+50 1.4008486484705222e+51 29.08723482501373 32.04705673195464 44.082310247735045 31.60405338815497 34.81511156141049 49.31010773515965
0.5434222463348537 3.324902559244263e+50 4.655019341312651e+50 1.2571055658534102e+51 27.794862435915867 31.254778995382562 38.56819443240604 30.100561088552862 33.45350478512479 45.11501836379652
0.5435222463348537 3.863099894070899e+50 3.948545273648452e+50 1.6925929444472284e+51 27.61449798568714 32.82649706026381 44.174576732599505 29.635323061182056 35.49924032218201 48.293399917300945
0.5436222463348538 3.557383269400776e+50 3.906657347132811e+50 1.1397458467064874e+51 28.813917225372865 31.395243243919175 39.66781609311694 30.61723676865652 33.553913819320165 44.976735773099364
0.5437222463348534 4.321331341035737e+50 4.246838171475177e+50 1.069011811900038e+51 29.05845204368232 31.83317816494269 39.014585651318455 31.17966010633197 33.79822607475134 45.52901888239626
0.5438222463348539 2.9376317680688267e+50 4.277549524552487e+50 1.098451699659125e+51 27.919604958978063 32.033411093153006 44.000378765665296 30.14990289765844 34.5438674109811 47.585069456991846
0.5439222463348538 3.2702313546393534e+50 4.716090100492876e+50 1.2758777006086991e+51 27.945511982527165 29.33397846025311 47.45668654933394 30.11208503594816 30.947615907703348 52.825147086644044
0.5440222463348536 2.6745693046413716e+50 3.164463727878345e+50 1.2541923352783278e+51 30.138224016353337 32.143540692763196 43.866819007479656 33.09784629164792 34.44423008887644 48.751429743509256
0.5441222463348538 2.778851753140465e+50 4.5589132239935654e+50 1.1614355709359683e+51 29.927241636182476 30.308343401386512 47.74172185315924 31.78675532955104 32.62076784636729 52.336322489287724
0.5442222463348537 3.378211760011453e+50 3.714409457153948e+50 1.0646124895979826e+51 25.414823075666572 28.662638432529707 45.03994278167762 27.137018752463657 31.523318826586735 49.50191702073089
0.5443222463348538 3.4313723268042792e+50 3.0736278285000424e+50 1.0106920533642356e+51 26.44402432825224 30.641485053627413 40.98818592147354 28.524973227007187 33.24247254408418 46.09461111631762
0.5444222463348537 3.7085208056868705e+50 3.520869030229146e+50 1.0699665051009884e+51 27.32366235185582 29.663331035462537 44.449612072285205 29.642267625465433 32.02801476663889 48.27519006715684
0.5445222463348539 3.18553199745403e+50 3.895570142974424e+50 1.137428142286488e+51 29.682422879871712 30.59746685548309 44.002546683381105 32.00929176575922 32.83892721701792 49.129167907823295
0.5446222463348538 2.9735212721968e+50 3.6229447540212644e+50 1.0299154836740631e+51 26.280794299279528 31.344947725078253 41.597751966664 28.16588231577505 33.46713015844928 45.99532321223452
0.5447222463348539 1.9053391312239193e+50 3.5841644445989746e+50 9.865471546572238e+50 28.5279245120639 31.682875035952318 37.72687455335869 30.963044467822428 34.25952060506543 44.82928740282361
0.5448222463348537 3.1858105860704856e+50 3.377346133765171e+50 9.663054737756631e+50 26.070694209240585 29.812283156587498 42.998108885409216 28.07941049179939 32.66605029903187 46.82907330683945
0.544922246334854 2.345868998048466e+50 3.5406312798517788e+50 9.608247210932816e+50 29.712494797794896 31.297876472915295 44.60200825195746 31.626855524577422 33.32561880787603 49.17108801465703
0.5450222463348536 4.526955066236138e+50 3.0756986241523095e+50 9.362739335618581e+50 21.19188905946885 32.19483611309596 44.22826386686239 23.31635754357741 34.141588344967076 48.70852769182211
0.5451222463348538 3.3654912308663354e+50 2.774163274266044e+50 1.0157384357744077e+51 26.59093834835793 32.01727234836551 47.03702191713032 28.897408713314093 34.957214698919884 50.78896104981867
0.5452222463348537 2.421313203198809e+50 3.4717058530662462e+50 8.102124473419845e+50 28.82591644041046 30.111463115934466 43.61965688325149 31.145656089754066 32.10199644232157 48.30806386436255
0.5453222463348538 2.336021812843635e+50 2.7784714118383817e+50 9.320010543539085e+50 28.291306780646973 31.522702297408614 39.70663186914024 30.431284781771506 34.089856363045655 45.972843171673496
0.5454222463348535 2.1933332862374697e+50 3.0860044746314675e+50 8.465458114553342e+50 26.919607759290997 33.72467137991264 42.3473218374753 29.033333991862808 36.18810040684674 48.03000765360294
0.5455222463348539 2.9361899047977992e+50 2.752183303504302e+50 7.199526612119898e+50 27.359226258981316 29.1086511885021 41.494706683003926 29.601698185382407 31.343174044051406 46.467520689899956
0.5456222463348536 2.1953300969290143e+50 2.311934220326808e+50 7.505663556072997e+50 27.16021951771241 31.406029447259407 43.43320327890548 29.564230260830016 34.354158290121404 49.85494419428107
0.5457222463348537 2.097308398461451e+50 2.4573015819491926e+50 9.55876237522644e+50 28.92658557682253 31.087727835322674 37.49102768466634 30.675152188682382 33.394923903904655 41.768159809908646
0.5458222463348537 2.0249266203070027e+50 2.1675249347598503e+50 8.8654771274394e+50 28.570058538178856 31.102495006782075 42.34322348074031 30.349507952459092 34.00696361069336 46.66078407621292
0.5459222463348538 2.131642118344742e+50 3.3169906301747295e+50 8.26814159134984e+50 27.292819472205508 32.0440779299835 41.23721312270221 29.1479778260934 34.13655329880561 46.41379939119089
0.5460222463348536 2.2783708805329976e+50 2.8360082375470916e+50 7.675087639323435e+50 28.238271318003186 30.381772830217592 43.40913757211649 30.06246841378443 32.70706907172689 47.68883338762661
0.5461222463348538 2.682437733427053e+50 2.587411784959644e+50 8.894569289812863e+50 27.868788902567243 32.66403347919164 44.71232130695675 30.092460732768856 35.05846716408918 49.47493515531787
0.546222246334854 2.396162251120752e+50 2.2444085437300806e+50 7.317912476186317e+50 26.374260344949047 29.978122298848696 40.109775147711986 28.062419840889 32.360936978074044 44.82590653692554
0.5463222463348536 2.3934781273978602e+50 2.7528838880373957e+50 7.167346186167765e+50 28.56210571779743 28.567248962814116 41.815893595251545 30.636611753843344 30.74022281957095 46.03048803702124
0.546422246334854 2.293116442055263e+50 2.4953015051513933e+50 8.619890179154053e+50 26.864277039384636 30.547164025078533 42.63859262273041 29.314916725715634 34.12160865066111 47.230601217364786
0.5465222463348537 1.7603491176885606e+50 2.3515877802985167e+50 7.361744293591076e+50 30.379006914330404 30.10595767448211 40.26261404685673 32.76907710318446 32.66813554845775 45.16854242317612
0.546622246334854 2.6035908849421606e+50 2.788899616174886e+50 7.395270718686741e+50 25.35950936057138 29.660519890796934 42.00344367392517 27.09671807904205 31.803243326823257 45.782211134254084
0.5467222463348537 1.6662619716626395e+50 2.756008273547313e+50 7.04139386367858e+50 30.101807187148115 31.795257442075783 39.50699851294219 32.41918685150948 34.622116170016156 44.20226257840002
0.5468222463348539 2.0016420290130925e+50 2.416861113371477e+50 5.51524340142306e+50 28.567598748539936 31.258352676530578 44.48713221334705 30.381725622717337 33.255438498360114 49.70061191901224
0.5469222463348538 2.1063996823355565e+50 2.5119175648612155e+50 7.201425058801035e+50 24.84628499546658 31.30400198862564 38.957005979795795 26.888896036738863 33.61050263062307 44.44766961269388
0.5470222463348539 2.383775218873301e+50 2.805902187853239e+50 6.6232803906684545e+50 28.715376553699798 28.28316122199938 39.774611726260844 30.33934381537558 30.390122070093717 45.208738101432594
0.5471222463348536 1.6149309266997535e+50 2.128785130520683e+50 6.814974694618869e+50 26.304093997101916 35.69749714610286 39.409570606836894 28.783213491316854 37.79519883402846 44.5924196757033
0.547222246334854 1.975456219842586e+50 2.0910424505874545e+50 6.216772156067127e+50 29.586396815952018 30.96307837293607 46.16378661602504 31.62174905237407 33.50172638816472 51.04300759715985
0.5473222463348536 1.2754987062300756e+50 2.0818352486974936e+50 6.7578492495575725e+50 28.321830455384504 31.81478189258992 42.3470201738976 30.923821727898144 34.58462099289644 47.39676401974793
0.5474222463348537 1.9842586390473588e+50 2.0067758362017656e+50 6.368869840283991e+50 26.894968899631742 32.530292880162996 41.71977546768378 28.61512784767358 34.79413416162848 46.14537182946916
0.5475222463348537 1.6525971854002523e+50 2.468638316279139e+50 6.451934343824846e+50 29.221297332158677 27.002002201414655 45.07218019645091 31.58723414008668 29.429823813216107 49.199877359993636
0.5476222463348538 1.5699363441254584e+50 1.351026077066424e+50 5.757494735668095e+50 30.554520530765007 31.74925315979893 40.527246279611774 32.60814649107343 34.49754751858154 45.66965863503921
0.5477222463348534 1.6077071437156253e+50 2.1694292835130036e+50 5.999926485759239e+50 26.69514760155955 30.64967879184999 43.372468883068265 28.701509537198717 33.620100854965735 49.04797463689572
0.5478222463348539 1.866371949479493e+50 1.835085568265692e+50 5.499537336892741e+50 27.26019954851426 31.96263406028886 42.34029443971883 29.211078136789762 34.01756344695349 47.82571814521824
0.5479222463348535 1.7841490917296466e+50 1.5975689760748936e+50 5.573058514810546e+50 26.29389280130061 27.75218076691952 38.934210782502795 28.577579580061187 30.49646906307406 44.54890472525541
0.5480222463348536 2.0447384251961235e+50 1.7946603601218307e+50 5.824372737968994e+50 26.114595305749983 31.24178787977208 44.231747691340594 28.807115448475596 33.42853613309419 49.02251055980497
0.5481222463348538 1.5240128799830069e+50 1.562247781446489e+50 8.116391334241965e+50 28.79442018811218 32.41086322399938 40.99053855588303 30.449588969501146 34.88991524440647 44.508114202365405
0.5482222463348537 1.5857013657311192e+50 1.8076876532471551e+50 5.456403107909795e+50 29.187081312838362 28.39489522229163 42.625626634862144 31.34257116593445 31.070303239574418 46.517708612983114
0.5483222463348538 1.6649828115211112e+50 1.8227924311897267e+50 5.73854724109397e+50 25.910462446326072 29.786975209954402 40.180558917646515 29.277916657490668 32.06382741236628 46.25996501346541
0.5484222463348537 1.4460499734318164e+50 2.301324013546119e+50 4.880924290779039e+50 26.384569674061474 28.153184685036535 42.831542600964774 28.376976939137705 30.0632528742918 47.11885722652824
0.5485222463348539 1.487618081426897e+50 1.8270884640793768e+50 5.750479819345079e+50 27.711237240218004 31.416277735476605 45.43865952812239 30.046551199187785 34.12197944566031 50.33646671477837
0.5486222463348538 1.5546866916462934e+50 1.578465673070341e+50 6.463178458763418e+50 26.591783105333377 29.633646893095822 41.09241198164632 28.385420958848442 31.99806138935505 46.879532655036094
0.5487222463348539 1.7275316245815688e+50 1.2591179852365245e+50 4.9738227252220846e+50 24.47357838652894 31.955291747225928 45.68099051108791 26.525488311449386 35.20974422216716 51.53825981757171
0.5488222463348537 1.326193127625612e+50 1.7026970130097585e+50 5.810643527677242e+50 26.766409982078013 32.35445046883555 42.616453848815134 29.192182804917802 34.839960728742625 48.177506584602924
0.548922246334854 1.2995600397764268e+50 1.408380435616126e+50 6.533350875841806e+50 28.787406065287 31.026496755450367 43.512098796290466 30.82811029029259 33.175991743629 46.77817087413839
0.5490222463348536 1.2149269080481936e+50 1.4171142355838236e+50 4.984683335093212e+50 28.584824817262607 30.313861793227357 44.391772689278305 31.631353292201243 33.30095860370188 50.94011408431222
0.5491222463348538 1.1225764248861298e+50 1.5596872847233949e+50 4.959323602932207e+50 27.459666183033942 29.808737625700857 40.35180799455321 29.665555590071843 32.183251395630855 44.626021619943
0.5492222463348537 1.3110926915384575e+50 1.4725466089775527e+50 5.080222632647357e+50 27.45209456846781 30.457344978190033 40.56251194316522 29.486056184947202 32.69272681306864 47.08571617328325
0.5493222463348538 1.243798291883925e+50 1.4351187918978385e+50 4.87468149390505e+50 26.605743179781587 32.1746645592574 38.981420509843666 28.88886798990331 34.97821654062545 44.15041275615628
0.5494222463348535 1.4475036353071178e+50 1.0592688571343922e+50 4.6226147632237636e+50 28.87781243408909 32.695007213627306 43.72268679692613 30.5657987389714 35.37629536918758 48.16069171576535
0.5495222463348539 1.7511063983607645e+50 1.247971325766392e+50 4.5950338756514934e+50 27.42876274620203 31.53683350279438 40.84437380540337 29.08680638782592 33.49627680933239 45.95124728890616
0.5496222463348536 1.3850694244649494e+50 1.2847936403082883e+50 3.5654895395265e+50 26.25710823243828 30.155475517829913 43.79626981698998 28.448848350359953 33.41678493361263 48.18708357039128
0.5497222463348537 1.6175832479112275e+50 1.6008481080116166e+50 3.6750971703221817e+50 29.32932087162077 32.33061987563449 42.50398161505091 31.624657558633242 34.41738930946035 47.129131274899215
0.5498222463348539 1.3232353896178744e+50 1.2267515782934297e+50 4.164056248220295e+50 28.41055831712773 31.222409292260007 45.836056434424044 29.934377176975453 33.61071786617031 50.923009932689766
0.5499222463348538 1.088542698721496e+50 1.1569325721111199e+50 4.674278344171334e+50 27.712811440353402 30.839490446934576 42.01177261050327 29.52439438188671 34.51055483985559 45.83539253622911
0.5500222463348536 1.1729451963545525e+50 1.379745805372836e+50 3.744744345400602e+50 28.98323457411234 30.651862006622803 42.275721587589146 30.928735997976183 33.18463967008102 46.3626862953201
0.5501222463348538 1.1581773358551579e+50 1.3942786586880384e+50 5.3214156140815815e+50 26.15569655582063 32.21600617488938 42.534614989473724 28.590148609814705 34.634159316886915 46.16058251451295
0.5502222463348537 1.3018577122334396e+50 8.897179975110339e+49 3.4137770717127563e+50 28.559418926407787 29.822574082482877 43.77017370356148 30.496644089087543 33.17710948178235 49.28684030779176
0.5503222463348538 1.3389933281917146e+50 1.3890337279036116e+50 4.228799174747334e+50 29.017853826085318 30.757380722539047 43.48547075964672 31.220837943193963 32.30752565847064 46.979673380802254
0.5504222463348539 8.196387325797172e+49 1.2745357551171567e+50 4.5107554333601784e+50 32.58704264703076 30.93756220826994 44.02693271312061 34.60336577997679 33.47702761020302 48.73445856362439
0.5505222463348537 1.3791630475729343e+50 1.5229860372318999e+50 4.19211743643628e+50 27.362936114977668 32.51278082204593 37.324164538132656 29.34725037849171 35.39980079853523 44.40026250034033
0.550622246334854 8.710771605996194e+49 1.2394892139412274e+50 4.028131542486626e+50 28.17380030211283 30.758526011274373 44.47085596354086 30.789859075670815 33.144888528577575 48.306123948660286
0.5507222463348537 1.2166959126872156e+50 1.0983340854394324e+50 3.2534436270639807e+50 28.355599306884887 31.089725068633697 42.0083207711152 30.694817564766538 33.26400513648814 47.54916006192131
0.5508222463348539 1.205838641741954e+50 1.2807356389939245e+50 2.8726079045994653e+50 33.099298788069106 30.194096986854863 44.3420022168881 35.46248276048092 32.91163280570342 48.5860863926082
0.5509222463348538 7.119465167384287e+49 8.326179128106406e+49 3.254267429037017e+50 30.526644047360094 31.409003550218223 38.58182251364329 32.74385007157498 34.46173087916578 44.876334773038806
0.5510222463348539 1.1762001349560177e+50 6.67403508776946e+49 3.049543715064535e+50 29.070382262288017 26.34651821410923 43.77441226408706 30.997311634526977 29.095586434559614 48.56279007635853
0.5511222463348535 7.033127350216009e+49 8.472399154342246e+49 4.5636749553009855e+50 28.10647054687919 30.879532821091153 29.812960492889754 30.90371835911283 33.20377617695886 36.76918099740807
0.551222246334854 5.425172498865425e+49 1.248560097236584e+50 3.382510576879079e+50 27.72570591068651 29.15534109743015 39.72259964579017 30.972434394042562 31.500013288274197 44.275710361240996
0.5513222463348536 1.4854582085488215e+50 1.0696099162337628e+50 2.985819742177133e+50 25.75108185712906 31.732556072085902 42.86979112053916 27.45617726320975 34.125844651368936 47.63337981611799
0.5514222463348537 9.065936339918025e+49 1.0931348840118933e+50 2.6115199942741856e+50 27.002046154674204 29.180048230900187 45.45190663719335 29.315412771277682 31.315671293180028 49.957687841843374
0.5515222463348537 8.554791141361395e+49 9.659774853125439e+49 3.5681674109952918e+50 27.1349155561251 31.371686316241266 44.54681170107553 29.65742299505748 34.291524554275306 49.42387192053453
0.5516222463348538 5.672575743165106e+49 7.260843604591462e+49 2.6379932334575273e+50 24.122694700517602 29.879691463502656 46.20885394038652 26.448163782860064 32.147256188448345 51.67153063107887
0.5517222463348535 8.364736563388054e+49 8.25230899447219e+49 4.094153315172185e+50 27.912900380526043 31.05536104631934 35.712683104388766 29.93797487740066 33.51263704114921 41.59519394461589
0.5518222463348539 1.1294093906773347e+50 9.386843219998666e+49 2.523479018409467e+50 28.7716872252399 31.24770380577473 40.96821870672161 30.472615376402974 33.405865631770965 45.61215235335462
0.5519222463348535 9.094280815862838e+49 7.686254155598858e+49 3.204123180649549e+50 26.72065189342885 32.79659803701318 39.07842531713932 28.880403729261946 34.75379136470149 43.38852027346292
0.5520222463348536 6.539067262597227e+49 9.454515442862788e+49 3.414919890019858e+50 25.931309721918602 31.874718959611506 38.712312823313475 28.23211277926942 33.637021442495346 43.460563977627494
0.5521222463348535 6.434786484887233e+49 7.828193521096395e+49 2.755689684050162e+50 31.67722523683921 30.677371635765954 42.74203150181546 34.22249019018188 32.86123194779004 46.849699939328204
0.5522222463348537 7.425817217796196e+49 1.3684951116976745e+50 2.776837258465257e+50 24.208027010579652 30.558413263035348 43.999144670290114 26.593152483185225 32.84579579623564 49.81121662791263
0.552322246334854 7.883703260887586e+49 1.1535544857154156e+50 3.1990020885511e+50 27.388862801397718 33.464151380443184 43.08643599921383 29.095368948001344 35.96981370320207 47.24813604649662
0.5524222463348537 8.698918480625752e+49 1.1175923906081677e+50 2.642814598117286e+50 23.351497169606574 30.194204650968242 45.822039771340826 25.35411022655148 31.968806199022268 50.3790374725498
0.5525222463348539 7.999648090186863e+49 6.120709119997341e+49 4.305465636817146e+50 28.201035257690418 29.08679098861277 51.848906226139626 30.314535199533115 32.12147394028688 57.76142808187855
0.5526222463348538 8.358122547531339e+49 1.025931543865621e+50 2.198441581104329e+50 25.703859094057762 31.624943287794167 39.200987404031856 28.110841502107792 34.02264436318956 44.21889827597191
0.5527222463348539 9.848065742416483e+49 9.101592907353179e+49 3.0737781765625234e+50 32.7448767832938 30.38518831269812 40.37215427890966 34.65939847142829 32.50292377432295 43.99783495287233
0.5528222463348537 6.286317829361701e+49 7.053910764607415e+49 2.395113840864411e+50 27.50911643855349 31.462602500574974 43.994837624647246 29.50206549275373 34.33484927329039 49.54514483073888
0.552922246334854 1.1252026805782167e+50 7.711534172692874e+49 2.6673763169523364e+50 26.81944964803162 32.90190145623495 44.10629020785989 28.301365208407265 34.95497321789803 51.05875232930186
0.5530222463348536 8.264393592978907e+49 4.222377388146016e+49 2.6037268905171946e+50 27.469645536303975 29.914022468302207 44.05720182544762 30.14927222967859 33.87487478012261 48.89377508487427
0.5531222463348539 6.13579353855387e+49 8.96349776717523e+49 2.259043247521144e+50 27.071678366654833 34.57829973821365 50.185635041209615 28.88410605816365 36.8638837502685 55.03474620451285
0.5532222463348537 6.105643946494735e+49 1.0780456921363132e+50 2.057173560614107e+50 28.995310518827146 28.231362715016033 42.99229509262194 30.93085337142622 30.681211851456446 47.13506079574148
0.5533222463348538 6.034297099874379e+49 6.608048541029861e+49 2.645744445839793e+50 27.010911366284567 27.888997938185348 42.19088560763578 29.64823162801479 30.742823222533517 46.53386353605885
0.5534222463348535 5.467650467637739e+49 7.092277222398281e+49 2.414692116721473e+50 29.72248350208756 30.798970391143982 46.18778541451962 31.4212125739902 32.80691627866669 51.06423591024113
0.5535222463348539 7.950630788858259e+49 9.87820980960788e+49 1.9107662685554147e+50 29.647159512578 32.8559552193587 40.95932864553412 31.411060255622143 35.54166313826956 45.38959184816635
0.5536222463348536 6.30002606862582e+49 7.024266024728725e+49 2.2831803308638136e+50 25.762363417123982 28.67800537661294 41.755951205310325 27.973925825108548 31.507606032484542 46.46147685996381
0.5537222463348537 4.77621623834136e+49 6.35124934069513e+49 2.6315173303495117e+50 26.932430260527887 29.942331668028164 40.4271541648019 29.36677212652287 33.25423368255961 45.08954489510558
0.5538222463348537 7.617645642438459e+49 8.392093809698932e+49 2.4747350113854344e+50 26.68298613728388 32.692614695232656 41.21310797558646 28.77947053822145 35.32043544774952 46.22421452583188
0.5539222463348538 6.449954420423867e+49 1.0557772207278397e+50 1.5208413674552915e+50 25.7359132831545 30.553711982898385 45.50918294399482 27.04115671854949 32.99281863476525 49.86087412680474
0.5540222463348536 6.245723776954423e+49 4.860306650622512e+49 2.8985148015781143e+50 30.151861786048286 32.83747949928849 38.7631784563963 32.77969828310804 35.33557485901961 41.959637232862256
0.5541222463348539 6.268357735544267e+49 8.694899335035724e+49 1.9381659744016046e+50 29.74021184900067 31.335938042251286 44.35898165335979 31.500019701444646 33.23497220456435 49.10373709680704
0.5542222463348537 8.669587249560144e+49 6.208824934184382e+49 2.103912437054935e+50 26.931408426885934 29.067901519985092 36.215604152187886 28.550458487486978 31.80293686420474 40.15441108964514
0.5543222463348538 4.766194296415213e+49 6.320309999317084e+49 1.5853001440157324e+50 27.813571802566365 29.076443769416066 38.673124540816715 29.268602098746 30.728069220987862 42.773134199839426
0.5544222463348537 3.4776602948545164e+49 7.780051358541113e+49 1.6655854589891168e+50 30.194591746417867 31.936015708276006 43.30355890566758 32.56715993390669 33.649754814156545 48.14637590757898
0.5545222463348537 5.595638614721092e+49 6.444047881492961e+49 1.5467421422515607e+50 27.02599415814285 28.57209466949019 44.674688437404065 29.193583405508793 30.780593485105165 49.87686920946551
0.554622246334854 6.104577411950931e+49 7.830999231514948e+49 2.823578449883178e+50 24.525941189989304 33.33694621057002 33.13982695072817 26.72793260339528 34.98201432687585 37.476153820235396
0.5547222463348537 5.454447132449557e+49 5.594745750280064e+49 1.6116417377563173e+50 24.54348971781923 33.857364146319746 45.40400971583972 27.163418983626336 35.22351890861919 50.59163682713476
0.5548222463348539 5.802459859502835e+49 6.003339026928546e+49 1.493417987993447e+50 25.69620283296508 34.103987257629356 43.50768127136298 27.901140482604255 35.88279974687495 47.56117839167575
0.5549222463348538 3.9121393087063687e+49 7.216150192299522e+49 2.0151062137533918e+50 28.548487787661067 32.13255931546669 40.820087414617845 30.400535352156194 34.37396792612539 44.24036849900496
0.5550222463348539 4.174999072049667e+49 2.421987632598769e+49 1.9124835945845034e+50 27.855600294524393 26.2280348930744 46.12907988733814 29.942101838143735 29.604706723818786 49.002962538581684
0.5551222463348535 8.598572017247734e+49 5.23556758060792e+49 1.9058234275053245e+50 24.872656326764393 33.89589006036089 47.28799085532966 26.472765508833366 35.90433576416441 50.99106238397316
0.555222246334854 5.061693843589632e+49 4.549219054658115e+49 1.8869759272283034e+50 27.152297307594306 28.856972474334572 44.512685261230466 28.70320937723723 30.53917168771727 48.956951417448465
0.5553222463348536 6.917271335165829e+49 8.204297795758515e+49 1.2176086728769683e+50 29.200439203849736 27.4600800914789 53.33979916987894 31.22548474634983 29.31232809166423 57.76691369866486
0.5554222463348537 7.203749243308911e+49 6.602720017957693e+49 1.2068516287976833e+50 27.842636725183482 32.13362741667665 38.935963039542244 29.17567284038136 35.11805588976519 41.33360351436935
0.5555222463348537 3.448139980716888e+49 6.435169633840119e+49 1.2697964776401778e+50 31.789839222087327 35.37901803932604 45.8062390628989 33.89503188851513 38.03574985526988 51.6605588134798
0.5556222463348538 2.6515251357802573e+49 5.547686142947092e+49 1.4902814493935856e+50 25.06317352715924 32.100508831975205 44.592585305371045 27.91224518366085 34.72582122813082 51.9334544245082
0.5557222463348535 4.709761883126813e+49 4.6421050585929856e+49 2.076673945735981e+50 26.385316489390267 28.97909560984515 45.137416613115114 28.32455275775485 31.445490754374994 48.02401997733942
0.5558222463348539 6.184969414595664e+49 3.9868415663689935e+49 1.327307503854497e+50 30.080654594809904 31.69743900573222 44.04481038071123 31.811385254521557 33.74697161567877 49.12686185407675
0.5559222463348535 2.8288456841999797e+49 5.016249055139824e+49 1.5441488994287507e+50 33.38227278117422 32.187338281273306 48.44283072137602 35.442000486886 33.856718960464804 52.77100743173784
0.5560222463348536 5.552752526111429e+49 4.1724798936084246e+49 1.8291017951480627e+50 30.349127656094264 26.34258743156641 45.6305563340313 31.824018278384536 28.68870644791066 49.36679908785234
0.5561222463348539 4.952938828667945e+49 4.457702109543843e+49 1.175366271700264e+50 24.48223776207203 34.08555042966017 41.68749497691897 26.467972346164313 35.274820141632404 52.990108275712714
0.5562222463348537 5.532835859261519e+49 4.484457626172691e+49 1.3013827705290534e+50 30.75341332625284 29.949244509433257 46.6112237779443 32.50576691338669 31.653959021072108 50.05192657839473
0.556322246334854 2.2453217779688158e+49 3.411821272489152e+49 1.3560739375605178e+50 32.43135175157049 31.960982213556022 35.32497682419225 34.73091591423598 34.991189513650625 40.38329047552372
0.5564222463348537 3.2598088037922937e+49 4.800919869567399e+49 2.3213454931641562e+50 30.29851274268945 31.68283605489944 38.36296214664718 32.331514027240516 34.33188555809641 46.39586915249285
0.5565222463348539 3.160067473058413e+49 3.4467168908619023e+49 1.379408510706e+50 25.171448542818105 32.4296664821316 38.86801755152291 26.1685999216998 36.361564842237605 43.709701591907034
0.5566222463348538 3.36900634835054e+49 6.670703880179955e+49 8.43241116752454e+49 27.399262882950147 28.210674665747664 43.04150127755985 29.01684126163071 30.02886837924826 48.042848596830986
0.5567222463348539 5.231452939050462e+49 4.914161040681015e+49 1.330023379634361e+50 21.58013181825357 31.617047660876256 42.39513711428838 23.76838862379211 32.846912398995656 47.309771913378576
0.5568222463348537 3.1545857896113023e+49 6.088976102194957e+49 1.2402011904490892e+50 33.42891352539315 32.395523269137584 44.06494319964564 36.92671398922707 34.07228481867579 47.36388874909688
0.556922246334854 1.8504887200747578e+49 4.1354519768207216e+49 1.2978215173043662e+50 29.09305550566137 33.55401640237886 42.82097006514676 31.25492342387639 35.31294290656635 50.208066166092976
0.5570222463348536 6.360350635196731e+49 2.661374451362175e+49 1.2962228485655329e+50 20.405649731267562 23.985684672901108 40.32250607803928 22.416138821832917 26.700831434297086 43.088496877060535
0.5571222463348537 3.520891673682904e+49 3.2781058202266405e+49 1.3286241109637026e+50 32.04227695248217 33.43585809730235 44.10463380216613 33.27770369565419 36.92893764383138 48.97573767099956
0.5572222463348537 2.367493023080819e+49 2.926140548767994e+49 8.187240677184123e+49 30.925454152706834 24.80456293423864 41.69661876499372 32.77037138053731 29.577562715560727 47.68314757104963
0.5573222463348538 5.690492545398625e+49 2.695742706678041e+49 1.8279005369336885e+50 23.96118163579279 28.849552100121134 48.54723664829229 25.389724751822968 34.644291768546736 51.70328857319931
0.5574222463348535 1.7246608276512206e+49 2.8950532084047407e+49 1.335461335036269e+50 26.963591796609915 34.4398592791534 45.097369255394455 29.127139290791536 38.030011678404485 48.17065659833081
0.5575222463348539 2.1029702962255254e+49 2.4198297829902956e+49 6.86503710613833e+49 33.6588308882261 35.81321770232148 44.44198514851688 34.64398036732142 37.75036622104135 49.31978486516091
0.5576222463348536 2.6681992332616656e+49 3.345785644914362e+49 1.1521236309130671e+50 25.388217851470717 29.64398092033898 40.88388688779507 28.090893994127658 31.180769407189445 44.72140275225183
0.5577222463348537 1.8393056102409642e+49 2.8915490108805264e+49 1.0196069530395286e+50 22.36419959604076 28.760292330281175 40.269395114657684 26.502368876688298 32.01230200463286 42.78909309225226
0.5578222463348537 1.3708154789063753e+49 5.955799166633869e+49 9.881579039033899e+49 24.971260432926208 29.003060930973216 43.9068382016357 27.0018270336397 30.59211028055241 48.221760083620474
0.5579222463348538 4.1073380150993184e+49 3.4673010435818945e+49 1.0097034092743645e+50 28.445000634074823 27.597265649083692 42.120198167089185 29.696704053373896 29.36594389240833 45.30020458247125
0.5580222463348536 3.2698408021229854e+49 4.8891567083094e+49 8.011030301350315e+49 26.6579199678466 27.554001580048595 34.15953051636624 28.507975162925813 28.560597408585544 39.21499228722117
0.5581222463348537 1.0833916902885286e+49 2.474171012454771e+49 1.0836121712043124e+50 26.74970388935156 35.742435438927046 40.0569562429045 29.83538023303534 38.025575248749576 43.37665417453924
0.5582222463348537 2.501678940466236e+49 2.936963323896746e+49 1.2061246235903121e+50 32.545889825403755 27.067087493609126 34.326268081383375 34.319527295978816 30.476918605299655 37.24917303708089
0.5583222463348538 2.5815200285374294e+49 3.7477013818316554e+49 3.1516555992717723e+49 26.350994489011484 33.27134418101177 45.14715217547944 28.424184813893646 34.98699838320676 49.15635048823138
0.5584222463348537 2.635880840917409e+49 3.1861737218811035e+49 7.08541501968547e+49 28.978086752871 32.145670738015504 43.24831434287295 30.97083916427787 36.14118894530915 48.677576107305335
0.5585222463348537 3.8421969224586367e+49 2.306509017064691e+49 6.883528539224262e+49 28.7143265346511 27.65871868951486 48.44565641937332 29.831529068147532 30.742455429366995 52.859656973546194
0.558622246334854 1.645864770234216e+49 2.3512121030968167e+49 1.048860890211257e+50 36.83579426591654 38.32459875595816 40.334243150807055 37.281801387537534 41.06277972141208 43.85687701823806
0.5587222463348537 2.659880212755562e+49 2.2608365661831464e+49 1.5709449652462477e+50 24.21593076774562 28.684877947453128 36.05824336898215 25.836456071954863 29.88646736396218 41.03956000320573
0.5588222463348539 1.4951104317113936e+49 2.5876380686449703e+49 8.412719192687591e+49 25.292637852081747 30.717639075404076 47.02181857998536 28.412270747594704 32.44759557502894 51.99715696076468
0.5589222463348538 1.4147743925939118e+49 3.56112936990597e+49 9.164593636226667e+49 22.22124675192746 34.415466735470844 42.731012014440154 27.500675405776526 39.29080683133561 45.07035060679608
0.5590222463348539 9.890474576084303e+48 2.8525147216969825e+49 4.1473771555306826e+49 31.716153424861183 35.875121029069284 42.19381763685232 35.04289024701147 38.25697120994069 50.161584949311155
0.5591222463348535 1.4791412805756295e+49 2.5244948652467174e+49 7.296918850210739e+49 26.293870656607396 35.72411662728806 29.96797129356308 28.139698706142276 36.66510107059072 34.00630502808648
0.559222246334854 2.2573648947536276e+49 4.0371015053688716e+49 1.3485554339895286e+50 25.44532493170274 35.30547316880878 35.46196149255884 27.403993699006442 37.58599343572174 45.73228641898543
0.5593222463348536 3.910799917204449e+49 2.695426187341505e+49 4.292809453272868e+49 22.875776416904593 29.27120177445216 49.92028811624659 24.077191862861874 31.070591364896732 54.823782899118
0.5594222463348537 1.431655373094988e+49 3.7945332799333706e+49 4.578126293533501e+49 27.99480551100294 24.967268723900546 52.841610510250256 30.602564249827008 27.80718669200802 57.521253596249096
0.5595222463348537 1.424258822437331e+49 3.6425713621071316e+49 1.5052721940988632e+50 32.749920176566924 23.840336831453577 19.725592236700884 34.178752501951955 25.84861622031849 26.93274307419134
0.5596222463348538 5.504913615844539e+48 7.289259495981933e+48 6.324292334215951e+49 25.872488540067305 40.10877055690357 39.74036201821014 29.28339390033257 43.35975902115784 44.28306502100158
0.5597222463348535 1.2958913185801043e+49 2.1661927234124374e+49 5.253293610438432e+49 22.752297778709405 37.60431683405057 45.444861920883106 26.152872276882935 39.8232938264286 50.84312144725785
0.5598222463348539 1.1673697997640575e+49 1.4361823335465076e+49 4.682800692027998e+49 33.976709075715256 34.85328827490455 39.919039545894435 35.69801371249123 36.98948181272381 45.00760797281731
0.5599222463348538 2.3132378197579475e+49 4.95913431503967e+49 1.0016944308528001e+50 23.446950545662627 34.71744917966594 47.26273659600738 25.61031282435317 37.279136494906226 49.5105891912205
